I
1050 Generated by WorldEditor 2.5.2r1

1    162 0 0 VEGT Guwahati
100 45.72 1 1 0.25 0 3 0  02  26.09480514  091.57977632 0 0 3 7 0 0 20  26.12060560  091.59167751 0 0 3 7 0 0
102 H4  26.11236368  091.58585672 22.1 19.60 19.60 1 0 0 0.00 0
102 H3  26.10748728  091.58357642 22.1 19.60 19.60 1 0 0 0.00 0
102 H2  26.10389226  091.58191394 22.1 19.60 19.60 1 0 0 0.00 0
102 H1  26.09898139  091.57962642 22.1 19.60 19.60 1 0 0 0.00 0
110 1 0.00 0.0 New Taxiway 230
111  26.10770733  091.58851582
112  26.10789857  091.58836758  26.10795575  091.58821099
111  26.10814980  091.58768066
112  26.10829417  091.58759193  26.10840197  091.58763786
111  26.10961455  091.58812005
111  26.11155517  091.58888854
112  26.11220636  091.58907435  26.11244449  091.58912125
111  26.11297743  091.58921687
112  26.11320745  091.58930166  26.11335486  091.58937562
111  26.11947770  091.59219697
112  26.11950301  091.59231286  26.11947020  091.59240578
111  26.11885824  091.59419820
111  26.11913498  091.59434604
111  26.11917435  091.59423453
111  26.11899099  091.59416061
112  26.11898086  091.59403282  26.11901798  091.59392007
111  26.11956132  091.59234398
112  26.11951182  091.59213600  26.11940158  091.59208589
111  26.11317960  091.58920009
112  26.11297549  091.58914957  26.11286372  091.58913514
112  26.11175086  091.58887536  26.11157267  091.58880140
111  26.10835072  091.58753500
112  26.10811440  091.58759689  26.10806265  091.58774220
111  26.10785791  091.58830969
112  26.10772742  091.58845125  26.10764418  091.58844499
111  26.10772742  091.58845125
114  26.10772742  091.58845125  26.10772620  091.58845079
110 5 0.00 0.0 New Taxiway 218
111  26.11062617  091.58221405
111  26.11053309  091.58265461
111  26.11091890  091.58273782
113  26.11100096  091.58231498
110 5 0.00 0.0 New Taxiway 216
111  26.10188771  091.57844628
111  26.10177748  091.57885872
111  26.10214639  091.57896674
113  26.10225662  091.57854284
110 5 0.00 0.0 New Taxiway 217
111  26.10625533  091.58084310
111  26.10607543  091.58124770
111  26.10642112  091.58142446
113  26.10660454  091.58103361
110 1 0.00 0.0 New Taxiway 113
111  26.09696554  091.58102206
112  26.09693958  091.58111945  26.09693032  091.58117843
111  26.09693958  091.58111945
112  26.09693958  091.58111945  26.09692125  091.58123619 102
112  26.09715905  091.58157305  26.09738608  091.58171258
111  26.09715905  091.58157305
112  26.09715905  091.58157305  26.09740159  091.58172212 102
112  26.09768769  091.58146528  26.09777984  091.58136300
111  26.09768769  091.58146528
112  26.09768769  091.58146528  26.09772537  091.58142346
113  26.09774603  091.58139037
110 2 0.00 23.0 Concrete Ramp
111  26.10750807  091.58847173 3
111  26.10788288  091.58749586 3 102
112  26.10737742  091.58726805  26.10725600  091.58721809
111  26.10721905  091.58711227
112  26.10689043  091.58694766  26.10689087  091.58694889
111  26.10689043  091.58694766
112  26.10689043  091.58694766  26.10682708  091.58697706
111  26.10674922  091.58696677 3 102
111  26.10573270  091.58650177
111  26.10511682  091.58621569 3
111  26.10458610  091.58596918
113  26.10422027  091.58696912
110 1 0.00 0.0 New Taxiway 7
111  26.10666783  091.58892965
111  26.10683440  091.58845189
111  26.10760663  091.58879184
111  26.10808848  091.58749824
112  26.10739261  091.58718522  26.10721005  091.58710194
111  26.10725030  091.58693391
112  26.10751095  091.58621866  26.10759783  091.58601535
111  26.10782439  091.58602393
112  26.10718321  091.58572877  26.10710723  091.58569260
111  26.10718321  091.58572877
112  26.10718321  091.58572877  26.10727449  091.58584144
111  26.10723050  091.58609374
112  26.10698305  091.58676122  26.10690716  091.58695963
111  26.10671140  091.58688736
112  26.10578929  091.58646082  26.10562212  091.58637999
111  26.10566158  091.58615502
112  26.10591181  091.58549191  26.10599733  091.58528733
111  26.10622063  091.58529086
112  26.10557290  091.58498680  26.10544094  091.58492633
111  26.10557290  091.58498680
112  26.10557290  091.58498680  26.10568534  091.58520019
111  26.10562357  091.58537199
112  26.10537018  091.58602451  26.10533376  091.58611798
111  26.10520865  091.58615502
111  26.10533218  091.58584992
111  26.10440255  091.58541255
111  26.10394407  091.58673297
111  26.10316645  091.58638474
111  26.10287905  091.58732548
111  26.10345172  091.58754773
111  26.10394456  091.58755215
111  26.10448946  091.58781217
113  26.10442765  091.58796327
110 1 0.00 0.0 New Taxiway 4
111  26.11770292  091.59010205 102
112  26.11797192  091.58940278  26.11807512  091.58910505
111  26.11797192  091.58940278
112  26.11797192  091.58940278  26.11827751  091.58850368 102
111  26.11745653  091.58812016 102
112  26.11268836  091.58591377  26.11249304  091.58581236
111  26.11268836  091.58591377
112  26.11268836  091.58591377  26.11251687  091.58582767 102
111  26.11256504  091.58565183 102
111  26.11259939  091.58555468
111  26.11247182  091.58550059 102
112  26.11243893  091.58558602  26.11242750  091.58561269
111  26.11243893  091.58558602
112  26.11243893  091.58558602  26.11238350  091.58571535 102
111  26.11217894  091.58566097 102
112  26.10774061  091.58364221  26.10754792  091.58355697 102
111  26.10765409  091.58332434 102
111  26.10767114  091.58327952
111  26.10755711  091.58322896 102
112  26.10754137  091.58327019  26.10754031  091.58327271
111  26.10754137  091.58327019
112  26.10754137  091.58327019  26.10746483  091.58346713 102
111  26.10728529  091.58340265 102
112  26.10418880  091.58197654  26.10396243  091.58187040 102
111  26.10405591  091.58166526 102
111  26.10407430  091.58161918
111  26.10394460  091.58157596 102
112  26.10392760  091.58162240  26.10392198  091.58163805
111  26.10392760  091.58162240
112  26.10392760  091.58162240  26.10386253  091.58182855 102
111  26.10371773  091.58176324 102
112  26.09923786  091.57968912  26.09907949  091.57961417 102
111  26.09913228  091.57943341 102
112  26.09939380  091.57870938  26.09947362  091.57849564 102
112  26.09993444  091.57819783  26.10022520  091.57809202
111  26.09993444  091.57819783
112  26.09993444  091.57819783  26.10024537  091.57811957 102
111  26.10047280  091.57828260 102
112  26.10095106  091.57861843  26.10111260  091.57872636 102
111  26.10106808  091.57891466 102
112  26.10095025  091.57942467  26.10089514  091.57967439 102
111  26.10101107  091.57972095 102
112  26.10132654  091.57992622  26.10160020  091.58008917 102
111  26.10212472  091.58014208 102
112  26.10245448  091.58015237  26.10265756  091.58014749
111  26.10245448  091.58015237
112  26.10245448  091.58015237  26.10265022  091.58015872 102
111  26.10270435  091.57994951 102
112  26.10280888  091.57940351  26.10284689  091.57924903 102
112  26.10330489  091.57916872  26.10370968  091.57919834
111  26.10330489  091.57916872
112  26.10330489  091.57916872  26.10368989  091.57921059 102
112  26.10402858  091.57960057  26.10410777  091.57969315 102
111  26.10398239  091.57979750 102
111  26.10377123  091.57995622
111  26.10385570  091.58009878 102
112  26.10408533  091.57992977  26.10418827  091.57985775 102
111  26.10426482  091.57995181 102
112  26.10439811  091.58015903  26.10445618  091.58024868 102
111  26.10435852  091.58046325 102
111  26.10394460  091.58157596
111  26.10407430  091.58161918 102
112  26.10446674  091.58059846  26.10454724  091.58041622 102
111  26.10471881  091.58056465 102
112  26.10502403  091.58091370  26.10512856  091.58102833 102
111  26.10506521  091.58115002 102
112  26.10497811  091.58136871  26.10492584  091.58149745 102
112  26.10512179  091.58177562  26.10532125  091.58194739
111  26.10512179  091.58177562
112  26.10512179  091.58177562  26.10577858  091.58231685 102
112  26.10677939  091.58251190  26.10700110  091.58256128 102
111  26.10706753  091.58237743 102
112  26.10714720  091.58215384  26.10719880  091.58201510 102
112  26.10734309  091.58195754  26.10738902  091.58196459 102
112  26.10782159  091.58197855  26.10801480  091.58198561 102
111  26.10793878  091.58222722 102
111  26.10755711  091.58322896
111  26.10767114  091.58327952 102
112  26.10805718  091.58226908  26.10815125  091.58201900
111  26.10805718  091.58226908
112  26.10805718  091.58226908  26.10818939  091.58194375 102
111  26.10833283  091.58192180 102
112  26.10885925  091.58185196  26.10916172  091.58182300
111  26.10885925  091.58185196
112  26.10885925  091.58185196  26.10915952  091.58181810 102
112  26.10955671  091.58213344  26.10969164  091.58226889 102
111  26.10963463  091.58242338 102
112  26.10953580  091.58280222  26.10945218  091.58310274 102
112  26.10984557  091.58336306  26.10996340  091.58343290 102
112  26.11092692  091.58369745  26.11116067  091.58370169 102
111  26.11120818  091.58350063 102
112  26.11129180  091.58314719  26.11132411  091.58297364 102
111  26.11144004  091.58296729 102
112  26.11186193  091.58292073  26.11200827  091.58290803 102
112  26.11266291  091.58334847  26.11296394  091.58372851
111  26.11266291  091.58334847
112  26.11266291  091.58334847  26.11307303  091.58393219 102
112  26.11280645  091.58460753  26.11276274  091.58474510 102
111  26.11261641  091.58468795 102
111  26.11236935  091.58458001
111  26.11231503  091.58472482 102
112  26.11251948  091.58481705  26.11267722  091.58489113 102
111  26.11264491  091.58505198 102
111  26.11247182  091.58550059
111  26.11259939  091.58555468 102
112  26.11293443  091.58470383  26.11301615  091.58448372 102
112  26.11304655  091.58416837  26.11305035  091.58400541 102
111  26.11315488  091.58399906 102
111  26.11335632  091.58396520
111  26.11335442  091.58380223 102
112  26.11313640  091.58382992  26.11308889  091.58383627 102
112  26.11299915  091.58376059  26.11299009  091.58370617
111  26.11299915  091.58376059
112  26.11299915  091.58376059  26.11289441  091.58338037 102
112  26.11248812  091.58297977  26.11232183  091.58287042
111  26.11248812  091.58297977
112  26.11248812  091.58297977  26.11231083  091.58287042 102
111  26.11236895  091.58275490 102
111  26.11244813  091.58252033
111  26.11229610  091.58246213 102
112  26.11223345  091.58268827  26.11222554  091.58271826 102
112  26.11206417  091.58278278  26.11194812  091.58275907
111  26.11206417  091.58278278
112  26.11206417  091.58278278  26.11192943  091.58275784 102
112  26.11161485  091.58280167  26.11140049  091.58281183 102
111  26.11137312  091.58261119 102
112  26.11135716  091.58223532  26.11134575  091.58198897 102
111  26.11127506  091.58197628 102
111  26.11108619  091.58192565
111  26.11100048  091.58232236 102
112  26.11119296  091.58237755  26.11120594  091.58238477
111  26.11119296  091.58237755
112  26.11119296  091.58237755  26.11125225  091.58241056 102
112  26.11126365  091.58268485  26.11127506  091.58282453
111  26.11126365  091.58268485
112  26.11126365  091.58268485  26.11126846  091.58285392 102
112  26.11093754  091.58288040  26.11065020  091.58289564 102
112  26.11029051  091.58263215  26.11014797  091.58252633 102
112  26.11029843  091.58228471  26.11041087  091.58211716 102
111  26.11054706  091.58217918
111  26.11063068  091.58220320
111  26.11072862  091.58180787
112  26.11063575  091.58178207  26.11063555  091.58178172
111  26.11063575  091.58178207
112  26.11063575  091.58178207  26.11040770  091.58171858 102
112  26.11020815  091.58219300  26.11013530  091.58230940 102
112  26.10993101  091.58227942  26.10983124  091.58223533 102
112  26.10944185  091.58185568  26.10928612  091.58175574 102
111  26.10932307  091.58165874 102
111  26.10938510  091.58141183
111  26.10924806  091.58136235 102
112  26.10919253  091.58159808  26.10916973  091.58167427 102
112  26.10897588  091.58170814  26.10884589  091.58169036 102
112  26.10820507  091.58178602  26.10768283  091.58186221 102
112  26.10714685  091.58177741  26.10696077  091.58173773 102
111  26.10697529  091.58159224 102
112  26.10697925  091.58112635  26.10698980  091.58079273 102
111  26.10680900  091.58072219
111  26.10674992  091.58068845
111  26.10659698  091.58104802 102
112  26.10682616  091.58119983  26.10682707  091.58125392 102
112  26.10682879  091.58155402  26.10682747  091.58159517 102
112  26.10665723  091.58169070  26.10652474  091.58165110
111  26.10665723  091.58169070
112  26.10665723  091.58169070  26.10642759  091.58166131 102
112  26.10574000  091.58129389  26.10556976  091.58119689 102
111  26.10568590  091.58105507 102
112  26.10594193  091.58079420  26.10602903  091.58071484 102
111  26.10615440  091.58078019
111  26.10625533  091.58084310
111  26.10642305  091.58049752
111  26.10632993  091.58044442 102
112  26.10612405  091.58040768  26.10604157  091.58047994
111  26.10612405  091.58040768
112  26.10612405  091.58040768  26.10610315  091.58043095 102
112  26.10565554  091.58088679  26.10561727  091.58091765 102
112  26.10530449  091.58093847  26.10509905  091.58079935
111  26.10530449  091.58093847
112  26.10530449  091.58093847  26.10503416  091.58074913 102
112  26.10447041  091.57998148  26.10435295  091.57980806 102
112  26.10388847  091.57927434  26.10369562  091.57914717
111  26.10388847  091.57927434
112  26.10388847  091.57927434  26.10377700  091.57919125 102
111  26.10381225  091.57908839 102
111  26.10388896  091.57887980
111  26.10393730  091.57880322
111  26.10376792  091.57873797
111  26.10377418  091.57879970 102
111  26.10368708  091.57904483 102
112  26.10355722  091.57909774  26.10345989  091.57906133
111  26.10355722  091.57909774
112  26.10355722  091.57909774  26.10331966  091.57901132 102
112  26.10287306  091.57905012  26.10266560  091.57906599 102
111  26.10264343  091.57875032
111  26.10280180  091.57872739
111  26.10276220  091.57847168
111  26.10260383  091.57848932 102
112  26.10258325  091.57839232  26.10257940  091.57837062
111  26.10258325  091.57839232
112  26.10258325  091.57839232  26.10256107  091.57824611 102
111  26.10241887  091.57818634
111  26.10233219  091.57816225
111  26.10225699  091.57854566 102
112  26.10244999  091.57860523  26.10249433  091.57862816 102
111  26.10254682  091.57888435 102
112  26.10239162  091.57908187  26.10221303  091.57907793
111  26.10239162  091.57908187
112  26.10239162  091.57908187  26.10209388  091.57909068 102
112  26.10153326  091.57884555  26.10143348  091.57879441 102
111  26.10149050  091.57864098 102
112  26.10157794  091.57850417  26.10163078  091.57842333 102
111  26.10171538  091.57843994 102
111  26.10188752  091.57847335
111  26.10198068  091.57807791 102
112  26.10187375  091.57804240  26.10184461  091.57803188
111  26.10187375  091.57804240
112  26.10187375  091.57804240  26.10176923  091.57800537 102
111  26.10172805  091.57807665 102
112  26.10136855  091.57856868  26.10126720  091.57867449 102
111  26.10117851  091.57860395 102
112  26.10051289  091.57814747  26.10044573  091.57810419 102
111  26.10046852  091.57805697 102
111  26.10055615  091.57779142
111  26.10061063  091.57778779
111  26.10066155  091.57766324
111  26.10040525  091.57755237
111  26.10036143  091.57767554
111  26.10044397  091.57771940 102
111  26.10035391  091.57798558 102
112  26.10023890  091.57802661  26.10014788  091.57799780
111  26.10023890  091.57802661
112  26.10023890  091.57802661  26.09989492  091.57793350 102
112  26.09942840  091.57836650  26.09936379  091.57847231 102
111  26.09929157  091.57843422 102
111  26.09910343  091.57831571 102
111  26.09911540  091.57821619
111  26.09903316  091.57814581
111  26.09886007  091.57849781
111  26.09894868  091.57853853 102
111  26.09903311  091.57847231 102
112  26.09917374  091.57855061  26.09929347  091.57861410 102
111  26.09926686  091.57870086 102
112  26.09903150  091.57932440  26.09894993  091.57954892 102
111  26.09882804  091.57950453 102
112  26.09637823  091.57835911  26.09542041  091.57791030
111  26.09637823  091.57835911
112  26.09637823  091.57835911  26.09540392  091.57791765 102
111  26.09511655  091.57883524 102
111  26.09488242  091.57957002
111  26.09684111  091.58048095
111  26.09678745  091.58032992 102
111  26.09663998  091.57991488 102
111  26.09533343  091.57928709 102
112  26.09523413  091.57888631  26.09532805  091.57861454
111  26.09523413  091.57888631
112  26.09523413  091.57888631  26.09555571  091.57815531 102
111  26.09617727  091.57844074 102
112  26.10118797  091.58077313  26.10138118  091.58086307 102
111  26.10131850  091.58111386 102
112  26.10094013  091.58212340  26.10088470  091.58226449
111  26.10094013  091.58212340
112  26.10094013  091.58212340  26.10092099  091.58217211 102
112  26.10085346  091.58222562  26.10081872  091.58224692
111  26.10085346  091.58222562
112  26.10085346  091.58222562  26.10078757  091.58226603
111  26.10071467  091.58226718
112  26.10113030  091.58245652  26.10120394  091.58249120
111  26.10113030  091.58245652
112  26.10113030  091.58245652  26.10109546  091.58241439
112  26.10107243  091.58232153  26.10106579  091.58227689
111  26.10107243  091.58232153
112  26.10107243  091.58232153  26.10106040  091.58224071 102
111  26.10108028  091.58217161 102
112  26.10145403  091.58120578  26.10156173  091.58095712 102
111  26.10176321  091.58104500 102
112  26.11200233  091.58580160  26.11220979  091.58589508 102
111  26.11215876  091.58611475 102
112  26.11180418  091.58707782  26.11176566  091.58718989
111  26.11180418  091.58707782
112  26.11180418  091.58707782  26.11176709  091.58709127 102
112  26.11166720  091.58720855  26.11162362  091.58726299
111  26.11166720  091.58720855
112  26.11166720  091.58720855  26.11163077  091.58725405
111  26.11160324  091.58729368
111  26.11234986  091.58763269
112  26.11236210  091.58754576  26.11236992  091.58747949
111  26.11236210  091.58754576
112  26.11236210  091.58754576  26.11236394  091.58753020 102
112  26.11236816  091.58749122  26.11237036  091.58747030
111  26.11236816  091.58749122
112  26.11236816  091.58749122  26.11241409  091.58712437 102
111  26.11197884  091.58703334 102
112  26.11228898  091.58620901  26.11237925  091.58598678 102
111  26.11259384  091.58606703 102
112  26.11736447  091.58831614  26.11786618  091.58853626 102
112  26.11782400  091.58932807  26.11776989  091.58955883 102
111  26.11752837  091.58955884 102
111  26.11618140  091.58896786 102
111  26.11583294  091.58912975
113  26.11571949  091.58918245
110 1 0.00 0.0 New Taxiway 2
111  26.11927438  091.59130652
111  26.11989126  091.59233305
112  26.11837160  091.59631055  26.11832219  091.59643754
111  26.11826137  091.59638463
111  26.11812074  091.59631055
111  26.11777486  091.59720584
111  26.11935344  091.59794062
111  26.11965909  091.59714162
111  26.11958307  091.59712045
111  26.11964800  091.59697582
111  26.11937086  091.59683825
112  26.11975570  091.59578525  26.11978262  091.59570412
111  26.11983488  091.59573411
112  26.12013420  091.59586992  26.12021497  091.59590696
111  26.12016587  091.59602337
111  26.11978104  091.59705167 102
111  26.12209289  091.59813220 102
111  26.12292432  091.59588304
111  26.12011343  091.59455139
112  26.11977953  091.59431474  26.11971090  091.59426623
111  26.11971618  091.59417070
111  26.11980197  091.59372386
111  26.12022254  091.59249324
111  26.12044880  091.59208877
113  26.12052498  091.59188938
111  26.11998674  091.59492581
111  26.12039032  091.59513276
112  26.12042833  091.59522977  26.12040615  091.59530209
111  26.12037131  091.59541497
112  26.12024937  091.59546612  26.12016860  091.59542379
111  26.11982019  091.59528445
112  26.11943852  091.59498284  26.11939892  091.59490700
112  26.11951770  091.59479058  26.11960164  091.59479764
113  26.11990623  091.59489465
130 Airport Boundary
111  26.09281715  091.58001616
111  26.09436700  091.58072088
111  26.09426438  091.58106877
111  26.10192261  091.58461968
111  26.10157977  091.58571672
111  26.10307331  091.58644076
111  26.10282504  091.58730524
111  26.10248220  091.58816094
111  26.10358955  091.58866559
111  26.10314030  091.59032874
111  26.10382599  091.59058765
111  26.10363684  091.59133805
111  26.10444863  091.59165839
111  26.10515796  091.58956079
111  26.10644091  091.59010286
111  26.10777234  091.58894700
111  26.10818557  091.58783161
111  26.10949915  091.58812416
111  26.11296514  091.58975012
111  26.11312386  091.58932345
111  26.11945652  091.59225898
111  26.11860597  091.59472769
111  26.11758892  091.59622060
111  26.11707820  091.59710538
111  26.11935090  091.59811382
111  26.11972922  091.59732909
111  26.12346031  091.59911449
111  26.12414495  091.59525546
111  26.12816690  091.59724531
111  26.12868443  091.59612281
111  26.13191218  091.59750320
111  26.13177599  091.59619107
111  26.12918426  091.59496522
111  26.12985433  091.59336343
111  26.12036529  091.58841283
111  26.12010126  091.58905361
111  26.11375868  091.58607586
111  26.11429068  091.58458373
111  26.11447589  091.58274928
111  26.11143679  091.58150294
111  26.10990463  091.58097633
111  26.10101433  091.57678994
111  26.09991250  091.57680575
111  26.09908967  091.57751662
111  26.09870190  091.57736918
111  26.09819591  091.57859608
111  26.09803986  091.57882250
111  26.09451684  091.57719019
111  26.09411962  091.57706382
113  26.09383588  091.57728497
120 Linear Feature 238
111  26.12026993  091.59682519 1
112  26.12048799  091.59669735  26.12055574  091.59651938 1
111  26.12068615  091.59615152 1
116  26.12060294  091.59590682  26.12046144  091.59580742
120 Linear Feature 238
111  26.12063055  091.59700242 1
112  26.12084976  091.59686874  26.12091751  091.59669077 1
111  26.12104792  091.59632291 1
116  26.12096641  091.59608266  26.12082490  091.59598327
120 Linear Feature 238
111  26.12100925  091.59717789 1
112  26.12122504  091.59705066  26.12129278  091.59687269 1
111  26.12142319  091.59650483 1
116  26.12134453  091.59626544  26.12120303  091.59616604
120 Linear Feature 238
111  26.12134959  091.59733508 1
112  26.12156521  091.59720852  26.12163296  091.59703055 1
111  26.12176337  091.59666269 1
116  26.12168039  091.59642768  26.12153889  091.59632828
120 Linear Feature 238
111  26.12168039  091.59642768 1
112  26.12189385  091.59629744  26.12195379  091.59613687 1
111  26.12204774  091.59588430 1
116  26.12200821  091.59569146  26.12192074  091.59562832
120 Linear Feature 238
111  26.12134453  091.59626544 1
112  26.12156016  091.59613146  26.12162009  091.59597089 1
111  26.12171405  091.59571832 1
116  26.12167448  091.59553133  26.12158701  091.59546819
120 Linear Feature 238
111  26.12096641  091.59608266 1
112  26.12118110  091.59594924  26.12124104  091.59578868 1
111  26.12133499  091.59553610 1
116  26.12129527  091.59534932  26.12120779  091.59528618
120 Linear Feature 238
111  26.12060294  091.59590682 1
112  26.12081663  091.59577605  26.12087657  091.59561548 1
111  26.12097052  091.59536290 1
116  26.12093109  091.59517448  26.12084362  091.59511133
120 Linear Feature 237
111  26.12025721  091.59573934 1
116  26.12050133  091.59560784  26.12058476  091.59541886
120 Linear Feature 236
111  26.12033987  091.59604064 1
111  26.12050133  091.59560784 1
111  26.12062659  091.59527208 1
116  26.12051933  091.59497669  26.12033628  091.59487385
120 Linear Feature 235
111  26.11943170  091.59412974 1
112  26.11958311  091.59452558  26.11982934  091.59464646
111  26.11958311  091.59452558
112  26.11958311  091.59452558  26.11967351  091.59456996 1
112  26.12051933  091.59497669  26.12097587  091.59519606
111  26.12051933  091.59497669
112  26.12051933  091.59497669  26.12065277  091.59504081 1
112  26.12093109  091.59517448  26.12107023  091.59524130
111  26.12093109  091.59517448
112  26.12093109  091.59517448  26.12105384  091.59523342 1
112  26.12129527  091.59534932  26.12141398  091.59540631
111  26.12129527  091.59534932
112  26.12129527  091.59534932  26.12142859  091.59541332 1
112  26.12167448  091.59553133  26.12179209  091.59558777
111  26.12167448  091.59553133
112  26.12167448  091.59553133  26.12180021  091.59559167 1
112  26.12200821  091.59569146  26.12210268  091.59573679
111  26.12200821  091.59569146
112  26.12200821  091.59569146  26.12218355  091.59577558 1
111  26.12229318  091.59582817 1
112  26.12234178  091.59614389  26.12224459  091.59640008 1
111  26.12222353  091.59645240 1
116  26.12193625  091.59655120  26.12173538  091.59645378
120 Linear Feature 233
111  26.11869800  091.59608390 1
112  26.11875879  091.59645857  26.11894210  091.59654296 1
112  26.11909897  091.59662094  26.11910796  091.59662470
111  26.11909897  091.59662094
112  26.11909897  091.59662094  26.11928233  091.59670738 1
111  26.11934778  091.59651053 1
111  26.11951778  091.59604644 1
112  26.11948093  091.59574583  26.11939497  091.59557330
111  26.11948093  091.59574583
112  26.11948093  091.59574583  26.11937013  091.59549253 1
111  26.11920588  091.59510766 1
116  26.11917739  091.59480708  26.11921238  091.59467502
120 Linear Feature 232
111  26.11869800  091.59608390 1
111  26.11917739  091.59480708 1
111  26.11943170  091.59412974 1
111  26.12024726  091.59195756 1
112  26.12017658  091.59150254  26.11995250  091.59139730 1
115  26.11988297  091.59136522
120 Linear Feature 231
111  26.11958600  091.59130623 1
111  26.11992293  091.59182762 1
112  26.12003147  091.59190881  26.12011732  091.59195391 1
111  26.12026311  091.59200803 1
112  26.12050609  091.59169592  26.12058871  091.59133510
111  26.12050609  091.59169592
112  26.12050609  091.59169592  26.12059843  091.59133871 1
115  26.12007520  091.59140185
120 Linear Feature 229
111  26.10576155  091.58704289 1
115  26.10587646  091.58674414
120 Linear Feature 229
111  26.10609535  091.58721579 1
115  26.10621026  091.58691705
120 Linear Feature 229
111  26.10761388  091.58790000 1
115  26.10772879  091.58760125
120 Linear Feature 229
111  26.10721192  091.58771625 1
115  26.10732682  091.58741750
120 Linear Feature 229
111  26.10685929  091.58754720 1
115  26.10697420  091.58724846
120 Linear Feature 229
111  26.10649722  091.58738408 1
115  26.10661213  091.58708533
120 Linear Feature 228
111  26.10704047  091.58705047 1
116  26.10715673  091.58731770  26.10733678  091.58742272
120 Linear Feature 227
111  26.10677530  091.58713908 1
111  26.10715673  091.58731770 1
115  26.10768053  091.58756237
120 Linear Feature 226
111  26.10543505  091.58629151 1
116  26.10513670  091.58637312  26.10492726  091.58628583
120 Linear Feature 225
111  26.10554216  091.58656383 1
111  26.10513670  091.58637312 1
115  26.10467984  091.58616034
120 Linear Feature 224
111  26.10704047  091.58705047 1
112  26.10677530  091.58713908  26.10657096  091.58704386 1
111  26.10554216  091.58656383 1
116  26.10543505  091.58629151  26.10548972  091.58610885
120 Linear Feature 223
111  26.10762386  091.58345136 20
116  26.10745814  091.58338376  26.10732484  091.58339883
120 Linear Feature 222
111  26.10403777  091.58180829 20
116  26.10388174  091.58171785  26.10377198  091.58174252
120 Linear Feature 221
111  26.09912278  091.57951715 20
116  26.09897275  091.57944086  26.09886053  091.57945599
120 Linear Feature 215
111  26.11196317  091.58702109 3
112  26.11199257  091.58707293  26.11204523  091.58708247 3
116  26.11235143  091.58749986  26.11232938  091.58783404
120 Linear Feature 212
111  26.10750623  091.58580193 1
112  26.10770055  091.58575428  26.10784164  091.58581484 1
115  26.10807598  091.58592359
120 Linear Feature 211
111  26.10717942  091.58550823 1
111  26.10744581  091.58563121 1
112  26.10750623  091.58580193  26.10745683  091.58592400 1
115  26.10704047  091.58705047
120 Linear Feature 210
111  26.10590414  091.58505663 1
112  26.10606999  091.58500835  26.10618757  091.58506291 1
115  26.10638109  091.58515429
120 Linear Feature 209
111  26.10556022  091.58476693 1
111  26.10584388  091.58489787 1
112  26.10590414  091.58505663  26.10586445  091.58516301
111  26.10590414  091.58505663
112  26.10590414  091.58505663  26.10587831  091.58512587 1
112  26.10543505  091.58629151  26.10525464  091.58676583
111  26.10543505  091.58629151
112  26.10543505  091.58629151  26.10533826  091.58654597 1
115  26.10524306  091.58679827
120 Linear Feature 208
111  26.10679679  091.58201141 1
116  26.10696940  091.58184931  26.10707453  091.58186115
120 Linear Feature 207
111  26.10669371  091.58229442 1
116  26.10675529  091.58240895  26.10683801  091.58243179
120 Linear Feature 206
111  26.10673622  091.58180879 1
112  26.10679679  091.58201141  26.10673760  091.58217280 1
111  26.10669371  091.58229442 1
116  26.10656913  091.58237408  26.10647679  091.58236335
120 Linear Feature 205
111  26.10712124  091.58202260 1
116  26.10703878  091.58185812  26.10695264  091.58182889
120 Linear Feature 204
111  26.10647371  091.58186671 1
116  26.10660974  091.58178054  26.10670327  091.58179283
120 Linear Feature 203
111  26.10633408  091.58223374 1
116  26.10639579  091.58232481  26.10647454  091.58235907
120 Linear Feature 202
111  26.10642071  091.58173025 1
112  26.10647371  091.58186671  26.10643685  091.58196458 1
111  26.10633408  091.58223374 1
116  26.10624833  091.58227489  26.10618738  091.58225831
120 Linear Feature 201
111  26.10614373  091.58173500 1
116  26.10626265  091.58167672  26.10634879  091.58170230
120 Linear Feature 200
111  26.10599982  091.58208734 1
116  26.10602506  091.58218877  26.10607349  091.58221706
120 Linear Feature 199
111  26.10610044  091.58160251 1
112  26.10614373  091.58173500  26.10611617  091.58181228 1
111  26.10599982  091.58208734 1
116  26.10589267  091.58213190  26.10581896  091.58210507
120 Linear Feature 198
111  26.10578450  091.58154182 1
116  26.10589943  091.58149682  26.10596750  091.58152886
120 Linear Feature 197
111  26.10564718  091.58189537 1
116  26.10568218  091.58202250  26.10574473  091.58206894
120 Linear Feature 196
111  26.10554670  091.58194025 1
112  26.10564718  091.58189537  26.10567523  091.58182685 1
111  26.10578450  091.58154182 1
116  26.10575198  091.58141019  26.10569389  091.58136470
120 Linear Feature 195
111  26.10544993  091.58177228 1
116  26.10548964  091.58190426  26.10555814  091.58195268
120 Linear Feature 194
111  26.10558873  091.58139791 1
116  26.10569318  091.58137301  26.10576003  091.58140407
120 Linear Feature 193
111  26.10555567  091.58127789 1
112  26.10558873  091.58139791  26.10556708  091.58146039 1
111  26.10544993  091.58177228 1
116  26.10533709  091.58180512  26.10526060  091.58176341
120 Linear Feature 192
111  26.10525378  091.58163164 1
116  26.10527955  091.58176670  26.10533851  091.58180826
120 Linear Feature 191
111  26.10540050  091.58125041 1
116  26.10550263  091.58123688  26.10557105  091.58126812
120 Linear Feature 190
111  26.10538493  091.58113806 1
112  26.10540050  091.58125041  26.10537924  091.58130882 1
111  26.10525378  091.58163164 1
116  26.10514147  091.58167169  26.10505976  091.58164483
120 Linear Feature 189
111  26.10514856  091.58091001 1
112  26.10517124  091.58110339  26.10512659  091.58121073 1
111  26.10506563  091.58138517 1
112  26.10514147  091.58167169  26.10529386  091.58177982
111  26.10514147  091.58167169
112  26.10514147  091.58167169  26.10517750  091.58169726 1
112  26.10527955  091.58176670  26.10533381  091.58180320
111  26.10527955  091.58176670
112  26.10527955  091.58176670  26.10529804  091.58177915 1
112  26.10533709  091.58180512  26.10535689  091.58181824
111  26.10533709  091.58180512
112  26.10533709  091.58180512  26.10538569  091.58183733 1
112  26.10548964  091.58190426  26.10554171  091.58193740
111  26.10548964  091.58190426
112  26.10548964  091.58190426  26.10550868  091.58191638 1
112  26.10554670  091.58194025  26.10556564  091.58195208
111  26.10554670  091.58194025
112  26.10554670  091.58194025  26.10559338  091.58196941 1
112  26.10568218  091.58202250  26.10572507  091.58204762
111  26.10568218  091.58202250
112  26.10568218  091.58202250  26.10573849  091.58205549 1
112  26.10583032  091.58210307  26.10587105  091.58212256
111  26.10583032  091.58210307
112  26.10583032  091.58210307  26.10584848  091.58211176 1
112  26.10589267  091.58213190  26.10591593  091.58214236
111  26.10589267  091.58213190
112  26.10589267  091.58213190  26.10593115  091.58214919 1
112  26.10602506  091.58218877  26.10607415  091.58220900
111  26.10602506  091.58218877
112  26.10602506  091.58218877  26.10609312  091.58221682 1
112  26.10624833  091.58227489  26.10632727  091.58230321
111  26.10624833  091.58227489
112  26.10624833  091.58227489  26.10629690  091.58229231 1
112  26.10639579  091.58232481  26.10644509  091.58234042
111  26.10639579  091.58232481
112  26.10639579  091.58232481  26.10645470  091.58234346 1
112  26.10656913  091.58237408  26.10662504  091.58238787
111  26.10656913  091.58237408
112  26.10656913  091.58237408  26.10661990  091.58238660 1
112  26.10671339  091.58240314  26.10675824  091.58240968
111  26.10671339  091.58240314
112  26.10671339  091.58240314  26.10672817  091.58240529 1
112  26.10675529  091.58240895  26.10676846  091.58241067
111  26.10675529  091.58240895
112  26.10675529  091.58240895  26.10699206  091.58243986 1
112  26.10700734  091.58233358  26.10703762  091.58226579
111  26.10700734  091.58233358
112  26.10700734  091.58233358  26.10703718  091.58225886 1
111  26.10712124  091.58202260 1
116  26.10726658  091.58187757  26.10737436  091.58188302
120 Linear Feature 188
111  26.11173871  091.58745624 1
112  26.11178536  091.58758649  26.11186021  091.58762248 1
115  26.11205328  091.58771815
120 Linear Feature 187
111  26.11259361  091.58596573 1
116  26.11223978  091.58610686  26.11212779  091.58634919
120 Linear Feature 186
111  26.11217818  091.58577257 1
116  26.11223978  091.58610686  26.11216408  091.58633798
120 Linear Feature 185
111  26.11248091  091.58565414 1
116  26.11259361  091.58596573  26.11278158  091.58606803
120 Linear Feature 184
111  26.11248091  091.58565414 1
116  26.11217818  091.58577257  26.11198936  091.58569679
120 Linear Feature 183
111  26.11264048  091.58479278 1
116  26.11272583  091.58502778  26.11266884  091.58518028
120 Linear Feature 182
111  26.11284429  091.58472693 1
112  26.11264048  091.58479278  26.11252310  091.58473595 1
115  26.11236490  091.58466093
120 Linear Feature 181
111  26.11308237  091.58391149 1
116  26.11297118  091.58410158  26.11296764  091.58427853
120 Linear Feature 180
111  26.11293900  091.58379198 1
112  26.11308237  091.58391149  26.11318573  091.58390228 1
115  26.11332808  091.58388781
120 Linear Feature 179
111  26.11226267  091.58280720 1
116  26.11231892  091.58295450  26.11240555  091.58299945
120 Linear Feature 178
111  26.11212362  091.58287703 1
112  26.11226267  091.58280720  26.11228989  091.58271721 1
115  26.11235350  091.58252927
120 Linear Feature 177
111  26.11026886  091.58294059 1
116  26.11043578  091.58281154  26.11054848  091.58285574
120 Linear Feature 176
111  26.11017496  091.58328840 1
116  26.11023177  091.58342750  26.11032485  091.58347524
120 Linear Feature 175
111  26.11026113  091.58268374 1
112  26.11026886  091.58294059  26.11021885  091.58312132 1
111  26.11017496  091.58328840 1
116  26.11005567  091.58336178  26.10996687  091.58335041
120 Linear Feature 174
111  26.11059226  091.58301848 1
116  26.11071885  091.58293294  26.11082221  091.58295662
120 Linear Feature 173
111  26.11048254  091.58341536 1
116  26.11053697  091.58352917  26.11061133  091.58356251
120 Linear Feature 172
111  26.11052416  091.58285947 1
112  26.11059226  091.58301848  26.11056675  091.58311320 1
111  26.11048254  091.58341536 1
116  26.11037667  091.58347729  26.11028821  091.58346403
120 Linear Feature 171
111  26.11081107  091.58349996 1
116  26.11084121  091.58360913  26.11090471  091.58362612
120 Linear Feature 170
111  26.11091109  091.58309759 1
116  26.11105374  091.58294497  26.11116927  091.58292918
120 Linear Feature 169
111  26.11082027  091.58295257 1
112  26.11091109  091.58309759  26.11089040  091.58320118 1
111  26.11081107  091.58349996 1
116  26.11069687  091.58357674  26.11061113  091.58356765
120 Linear Feature 168
111  26.10999288  091.58264082 1
116  26.11014794  091.58258246  26.11025574  091.58264824
120 Linear Feature 167
111  26.11124333  091.58302972 1
116  26.11116189  091.58293246  26.11107721  091.58293733
120 Linear Feature 166
111  26.11132362  091.58275167 1
116  26.11122877  091.58292466  26.11112335  091.58294932
120 Linear Feature 165
112  26.11118072  091.58215379  26.11118379  091.58215720 1
112  26.11128891  091.58228678  26.11129708  091.58239249 1
111  26.11132362  091.58275167 1
116  26.11145114  091.58289839  26.11156138  091.58290407
120 Linear Feature 164
111  26.11019021  091.58233270 1
116  26.11018939  091.58261963  26.11028692  091.58273388
120 Linear Feature 163
111  26.10998362  091.58243424 1
112  26.11019021  091.58233270  26.11027101  091.58220104 1
111  26.11035436  091.58208359 1
116  26.11052788  091.58197276  26.11063590  091.58195192
120 Linear Feature 162
111  26.10998362  091.58243424 1
112  26.10999288  091.58264082  26.10995653  091.58279136 1
111  26.10987294  091.58315935 1
112  26.11001757  091.58334594  26.11019923  091.58342450
111  26.11001757  091.58334594
112  26.11001757  091.58334594  26.11002892  091.58335085 1
112  26.11005567  091.58336178  26.11006964  091.58336740
111  26.11005567  091.58336178
112  26.11005567  091.58336178  26.11010300  091.58338083 1
112  26.11023177  091.58342750  26.11029930  091.58345140
111  26.11023177  091.58342750
112  26.11023177  091.58342750  26.11027794  091.58344384 1
112  26.11037667  091.58347729  26.11042628  091.58349386
111  26.11037667  091.58347729
112  26.11037667  091.58347729  26.11043054  091.58349528 1
112  26.11053697  091.58352917  26.11058892  091.58354542
111  26.11053697  091.58352917
112  26.11053697  091.58352917  26.11059483  091.58354726 1
112  26.11069687  091.58357674  26.11074417  091.58358988
111  26.11069687  091.58357674
112  26.11069687  091.58357674  26.11076417  091.58359544 1
112  26.11084121  091.58360913  26.11086600  091.58361063
111  26.11084121  091.58360913
112  26.11084121  091.58360913  26.11094075  091.58361513 1
112  26.11113751  091.58340290  26.11119571  091.58318292 1
111  26.11124333  091.58302972 1
116  26.11139024  091.58290562  26.11150557  091.58287834
120 Linear Feature 161
111  26.10923818  091.58167680 1
116  26.10931630  091.58187036  26.10942675  091.58195324
120 Linear Feature 160
111  26.10906776  091.58179499 1
112  26.10923818  091.58167680  26.10927220  091.58155446 1
115  26.10930693  091.58142027
120 Linear Feature 159
111  26.10757743  091.58335985 1
116  26.10763183  091.58366136  26.10776709  091.58374226
120 Linear Feature 158
111  26.10799337  091.58226472 1
116  26.10827311  091.58186146  26.10842905  091.58182436
120 Linear Feature 157
111  26.10790428  091.58190543 1
112  26.10799337  091.58226472  26.10787731  091.58259862
111  26.10799337  091.58226472
112  26.10799337  091.58226472  26.10786697  091.58259697 1
111  26.10757743  091.58335985 1
116  26.10731497  091.58351432  26.10712538  091.58347504
120 Linear Feature 156
111  26.10688180  091.58166897 1
116  26.10665774  091.58179176  26.10647487  091.58176018
120 Linear Feature 155
111  26.10703878  091.58185812 1
112  26.10688180  091.58166897  26.10688588  091.58150757 1
111  26.10688894  091.58112453 1
116  26.10682260  091.58097336  26.10675523  091.58093813
120 Linear Feature 154
111  26.10559100  091.58104055 1
116  26.10563423  091.58133384  26.10576110  091.58145618
120 Linear Feature 153
111  26.10531852  091.58107799 1
112  26.10559100  091.58104055  26.10573944  091.58090143 1
111  26.10602604  091.58061501 1
116  26.10616714  091.58058719  26.10623181  091.58061992
120 Linear Feature 152
111  26.10444122  091.58046733 1
116  26.10472913  091.58045110  26.10492051  091.58060265
120 Linear Feature 151
111  26.10397535  091.58169450 1
116  26.10405091  091.58200016  26.10420448  091.58208019
120 Linear Feature 150
111  26.10445909  091.58008994 1
112  26.10444122  091.58046733  26.10434426  091.58070488 1
111  26.10397535  091.58169450 1
116  26.10375687  091.58186380  26.10360785  091.58182857
120 Linear Feature 149
111  26.10410186  091.57980135 1
116  26.10426676  091.57981481  26.10433339  091.57989532
120 Linear Feature 148
111  26.10414143  091.57964011 1
112  26.10410186  091.57980135  26.10403452  091.57985424 1
115  26.10388426  091.57996789
120 Linear Feature 147
111  26.10373136  091.57909667 1
116  26.10379179  091.57929017  26.10388783  091.57936050
120 Linear Feature 146
111  26.10357350  091.57917699 1
112  26.10373136  091.57909667  26.10377321  091.57899324 1
115  26.10382322  091.57885344
120 Linear Feature 145
111  26.10141711  091.58106965 1
116  26.10175889  091.58093738  26.10199874  091.58102736
120 Linear Feature 144
111  26.10092768  091.58238714 1
116  26.10098500  091.58259172  26.10109083  091.58264082
120 Linear Feature 143
111  26.10130259  091.58072584 1
112  26.10141711  091.58106965  26.10133186  091.58128405 1
111  26.10092768  091.58238714 1
116  26.10072339  091.58248370  26.10058229  091.58242479
120 Linear Feature 142
111  26.09903107  091.57950839 1
116  26.09911141  091.57971015  26.09922978  091.57977250
120 Linear Feature 141
111  26.09903107  091.57950839 1
116  26.09884240  091.57958547  26.09871695  091.57954601
120 Linear Feature 140
111  26.10262725  091.57900625 1
116  26.10253727  091.57917507  26.10242623  091.57918823
120 Linear Feature 139
111  26.10276254  091.57914847 1
112  26.10262725  091.57900625  26.10260259  091.57887649 1
111  26.10254305  091.57860939 1
116  26.10242482  091.57840954  26.10234912  091.57837829
120 Linear Feature 138
111  26.10217925  091.57927327 1
116  26.10211492  091.57914228  26.10204522  091.57912386
120 Linear Feature 137
111  26.10189177  091.57921644 1
116  26.10182961  091.57907186  26.10175283  091.57904029
120 Linear Feature 136
111  26.10159578  091.57916435 1
116  26.10155319  091.57896258  26.10147544  091.57891781
120 Linear Feature 135
111  26.10227550  091.57916754 1
112  26.10217925  091.57927327  26.10215714  091.57937082 1
115  26.10205592  091.57984818
120 Linear Feature 134
111  26.10199073  091.57911581 1
112  26.10189177  091.57921644  26.10186795  091.57932631 1
115  26.10176929  091.57978283
120 Linear Feature 133
111  26.10172561  091.57903628 1
112  26.10159578  091.57916435  26.10156686  091.57929126 1
115  26.10148946  091.57967675
120 Linear Feature 132
111  26.10142987  091.57860398 1
116  26.10143912  091.57889778  26.10156428  091.57898940
120 Linear Feature 131
111  26.10113055  091.57867640 1
112  26.10142987  091.57860398  26.10154611  091.57844376 1
111  26.10166093  091.57828590 1
116  26.10177647  091.57823618  26.10184806  091.57824328
120 Linear Feature 130
111  26.10042042  091.57799543 1
116  26.10046147  091.57819809  26.10054086  091.57825965
120 Linear Feature 129
111  26.10029032  091.57811978 1
112  26.10042042  091.57799543  26.10046791  091.57785573 1
115  26.10049910  091.57776260
120 Linear Feature 128
111  26.09927470  091.57850924 1
116  26.09944248  091.57847408  26.09951221  091.57839689
120 Linear Feature 127
111  26.09932747  091.57870895 1
112  26.09927470  091.57850924  26.09918028  091.57845904 1
115  26.09906036  091.57838706
120 Linear Feature 126
111  26.10152051  091.57997561 1
111  26.10155063  091.57983157 1
111  26.10135473  091.57978076 1
113  26.10132460  091.57992481 1
120 Linear Feature 126
111  26.10180579  091.58006177 1
111  26.10183592  091.57991773 1
111  26.10164002  091.57986693 1
113  26.10160989  091.58001097 1
120 Linear Feature 126
111  26.10210112  091.58012689 1
111  26.10213124  091.57998285 1
111  26.10193535  091.57993204 1
113  26.10190522  091.58007609 1
120 Linear Feature 125
111  26.10130283  091.57915608 20
112  26.10115328  091.57926500  26.10102995  091.57922791 20
111  26.10105688  091.57910636 20
114  26.10120502  091.57900217  26.10132339  091.57903374 20
120 Linear Feature 125
111  26.10124542  091.57954204 20
112  26.10109587  091.57965096  26.10097254  091.57961386 20
111  26.10099947  091.57949231 20
114  26.10114761  091.57938813  26.10126598  091.57941970 20
120 Linear Feature 125
111  26.10159557  091.57974252 20
112  26.10144601  091.57985144  26.10132268  091.57981434 20
111  26.10134962  091.57969279 20
114  26.10149775  091.57958861  26.10161612  091.57962018 20
120 Linear Feature 125
111  26.10188262  091.57981276 20
112  26.10173307  091.57992168  26.10160974  091.57988459 20
111  26.10163668  091.57976304 20
114  26.10178481  091.57965885  26.10190318  091.57969042 20
120 Linear Feature 125
111  26.10217677  091.57989090 20
112  26.10202722  091.57999982  26.10190389  091.57996273 20
111  26.10193082  091.57984118 20
114  26.10207896  091.57973699  26.10219733  091.57976856 20
120 Linear Feature 125
111  26.10986945  091.58289705 20
112  26.10971990  091.58300597  26.10959657  091.58296888 20
111  26.10962350  091.58284732 20
114  26.10977164  091.58274314  26.10989001  091.58277471 20
120 Linear Feature 125
111  26.10265521  091.57996746 20
112  26.10250565  091.58007638  26.10238232  091.58003929 20
111  26.10240926  091.57991774 20
114  26.10255739  091.57981355  26.10267576  091.57984512 20
120 Linear Feature 125
111  26.10276719  091.57954993 20
112  26.10261764  091.57965885  26.10249431  091.57962176 20
111  26.10252124  091.57950021 20
114  26.10266938  091.57939602  26.10278775  091.57942759 20
120 Linear Feature 124
111  26.10107178  091.57892490 9
111  26.10134634  091.57900219 9
111  26.10124835  091.57945113 9
112  26.10129837  091.57951478  26.10135144  091.57952728 9
111  26.10239149  091.57980347 9
112  26.10245783  091.57974891  26.10247314  091.57967844 9
111  26.10254867  091.57933065 9
115  26.10280996  091.57939544
120 Linear Feature 123
111  26.09903107  091.57950839 1
111  26.09932747  091.57870895 1
112  26.09944248  091.57847408  26.09952082  091.57835297
111  26.09944248  091.57847408
112  26.09944248  091.57847408  26.09949922  091.57838636 1
112  26.09968021  091.57823978  26.09978259  091.57818479
111  26.09968021  091.57823978
112  26.09968021  091.57823978  26.09977714  091.57818771 1
112  26.09994825  091.57811978  26.10003328  091.57809424
111  26.09994825  091.57811978
112  26.09994825  091.57811978  26.10005716  091.57808706 1
112  26.10029032  091.57811978  26.10041630  091.57815753
111  26.10029032  091.57811978
112  26.10029032  091.57811978  26.10031328  091.57812665 1
112  26.10036119  091.57814477  26.10038553  091.57815458
111  26.10036119  091.57814477
112  26.10036119  091.57814477  26.10038946  091.57815726 1
112  26.10046147  091.57819809  26.10049944  091.57822061
111  26.10046147  091.57819809
112  26.10046147  091.57819809  26.10066548  091.57831908 1
112  26.10113055  091.57867640  26.10127800  091.57879120
111  26.10113055  091.57867640
112  26.10113055  091.57867640  26.10118039  091.57871520 1
111  26.10121079  091.57873941 1
112  26.10143912  091.57889778  26.10156899  091.57897734
111  26.10143912  091.57889778
112  26.10143912  091.57889778  26.10147520  091.57891988 1
112  26.10155319  091.57896258  26.10159267  091.57898312
111  26.10155319  091.57896258
112  26.10155319  091.57896258  26.10161005  091.57899217 1
112  26.10172561  091.57903628  26.10178226  091.57905417
111  26.10172561  091.57903628
112  26.10172561  091.57903628  26.10175929  091.57904894 1
112  26.10182961  091.57907186  26.10186509  091.57908291
111  26.10182961  091.57907186
112  26.10182961  091.57907186  26.10188251  091.57908834 1
112  26.10199073  091.57911581  26.10204464  091.57912862
111  26.10199073  091.57911581
112  26.10199073  091.57911581  26.10203263  091.57912577 1
112  26.10211492  091.57914228  26.10215554  091.57914996
111  26.10211492  091.57914228
112  26.10211492  091.57914228  26.10217122  091.57915293 1
112  26.10227550  091.57916754  26.10232551  091.57917370
111  26.10227550  091.57916754
112  26.10227550  091.57916754  26.10235426  091.57917725 1
112  26.10247150  091.57917949  26.10252053  091.57917767
111  26.10247150  091.57917949
112  26.10247150  091.57917949  26.10249034  091.57917879 1
112  26.10253727  091.57917507  26.10256189  091.57917290
111  26.10253727  091.57917507
112  26.10253727  091.57917507  26.10260323  091.57916926 1
112  26.10276254  091.57914847  26.10283932  091.57913798
111  26.10276254  091.57914847
112  26.10276254  091.57914847  26.10288661  091.57913152 1
111  26.10299571  091.57911403 1
112  26.10357350  091.57917699  26.10387725  091.57930383
111  26.10357350  091.57917699
112  26.10357350  091.57917699  26.10364944  091.57920870 1
112  26.10377092  091.57927697  26.10382759  091.57931195
111  26.10377092  091.57927697
112  26.10377092  091.57927697  26.10377800  091.57928134 1
112  26.10379179  091.57929017  26.10379863  091.57929459
111  26.10379179  091.57929017
112  26.10379179  091.57929017  26.10379521  091.57929238 1
112  26.10385019  091.57933071  26.10386250  091.57933989
111  26.10385019  091.57933071
112  26.10385019  091.57933071  26.10387482  091.57934906 1
112  26.10391947  091.57938707  26.10394115  091.57940629
111  26.10391947  091.57938707
112  26.10391947  091.57938707  26.10400618  091.57946397 1
112  26.10414143  091.57964011  26.10421063  091.57973217
111  26.10414143  091.57964011
112  26.10414143  091.57964011  26.10417538  091.57968528 1
112  26.10426676  091.57981481  26.10431495  091.57988355
111  26.10426676  091.57981481
112  26.10426676  091.57981481  26.10432598  091.57989928 1
112  26.10445909  091.58008994  26.10452547  091.58018414
111  26.10445909  091.58008994
112  26.10445909  091.58008994  26.10455891  091.58023160 1
112  26.10472913  091.58045110  26.10480038  091.58053405
111  26.10472913  091.58045110
112  26.10472913  091.58045110  26.10485710  091.58060008 1
112  26.10531852  091.58107799  26.10551743  091.58126385
111  26.10531852  091.58107799
112  26.10531852  091.58107799  26.10534162  091.58109958 1
112  26.10538493  091.58113806  26.10540601  091.58115639
111  26.10538493  091.58113806
112  26.10538493  091.58113806  26.10540529  091.58115576 1
112  26.10544246  091.58118572  26.10546036  091.58119967
111  26.10544246  091.58118572
112  26.10544246  091.58118572  26.10546127  091.58120273 1
112  26.10550263  091.58123688  26.10552385  091.58125394
111  26.10550263  091.58123688
112  26.10550263  091.58123688  26.10551965  091.58125057 1
112  26.10555567  091.58127789  26.10557396  091.58129152
111  26.10555567  091.58127789
112  26.10555567  091.58127789  26.10558088  091.58129668 1
112  26.10563423  091.58133384  26.10566128  091.58135231
111  26.10563423  091.58133384
112  26.10563423  091.58133384  26.10565354  091.58134702 1
112  26.10569318  091.58137301  26.10571313  091.58138593
111  26.10569318  091.58137301
112  26.10569318  091.58137301  26.10571257  091.58138556 1
112  26.10575198  091.58141019  26.10577175  091.58142241
111  26.10575198  091.58141019
112  26.10575198  091.58141019  26.10580085  091.58144040 1
112  26.10589943  091.58149682  26.10594829  091.58152417
111  26.10589943  091.58149682
112  26.10589943  091.58149682  26.10596986  091.58153624 1
112  26.10610044  091.58160251  26.10616235  091.58163296
111  26.10610044  091.58160251
112  26.10610044  091.58160251  26.10616322  091.58163339 1
112  26.10626265  091.58167672  26.10630627  091.58169469
111  26.10626265  091.58167672
112  26.10626265  091.58167672  26.10628277  091.58168501 1
112  26.10631470  091.58169669  26.10632911  091.58170166
111  26.10631470  091.58169669
112  26.10631470  091.58169669  26.10634326  091.58170654 1
112  26.10642071  091.58173025  26.10646232  091.58174250
111  26.10642071  091.58173025
112  26.10642071  091.58173025  26.10647501  091.58174624 1
112  26.10660974  091.58178054  26.10668035  091.58179749
111  26.10660974  091.58178054
112  26.10660974  091.58178054  26.10662543  091.58178431 1
112  26.10665774  091.58179176  26.10667403  091.58179546
111  26.10665774  091.58179176
112  26.10665774  091.58179176  26.10668325  091.58179756 1
112  26.10673622  091.58180879  26.10676298  091.58181432
111  26.10673622  091.58180879
112  26.10673622  091.58180879  26.10681066  091.58182418 1
112  26.10696940  091.58184931  26.10704939  091.58186040
111  26.10696940  091.58184931
112  26.10696940  091.58184931  26.10699244  091.58185250 1
112  26.10703878  091.58185812  26.10706196  091.58186079
111  26.10703878  091.58185812
112  26.10703878  091.58185812  26.10707138  091.58186187 1
112  26.10713658  091.58186757  26.10716912  091.58187009
111  26.10713658  091.58186757
112  26.10713658  091.58186757  26.10717901  091.58187086 1
112  26.10726658  091.58187757  26.10731064  091.58188090
111  26.10726658  091.58187757
112  26.10726658  091.58187757  26.10748894  091.58189438 1
112  26.10790428  091.58190543  26.10808350  091.58190096
111  26.10790428  091.58190543
112  26.10790428  091.58190543  26.10796560  091.58190390 1
112  26.10806541  091.58189306  26.10811058  091.58188609
111  26.10806541  091.58189306
112  26.10806541  091.58189306  26.10812047  091.58188456 1
112  26.10827311  091.58186146  26.10835176  091.58184959
111  26.10827311  091.58186146
112  26.10827311  091.58186146  26.10848488  091.58182950 1
111  26.10873033  091.58179294 1
112  26.10906776  091.58179499  26.10925653  091.58182567
111  26.10906776  091.58179499
112  26.10906776  091.58179499  26.10914627  091.58180775 1
112  26.10931630  091.58187036  26.10940088  091.58190996
111  26.10931630  091.58187036
112  26.10931630  091.58187036  26.10938964  091.58190469 1
112  26.10952928  091.58201489  26.10959623  091.58207828
111  26.10952928  091.58201489
112  26.10952928  091.58201489  26.10967521  091.58215306 1
112  26.10998362  091.58243424  26.11012477  091.58256217
111  26.10998362  091.58243424
112  26.10998362  091.58243424  26.11004453  091.58248944 1
112  26.11014794  091.58258246  26.11019531  091.58262499
111  26.11014794  091.58258246
112  26.11014794  091.58258246  26.11016263  091.58259565 1
112  26.11018939  091.58261963  26.11020229  091.58263118
111  26.11018939  091.58261963
112  26.11018939  091.58261963  26.11021859  091.58264578 1
112  26.11026113  091.58268374  26.11027932  091.58269996
111  26.11026113  091.58268374
112  26.11026113  091.58268374  26.11028469  091.58270475 1
111  26.11029790  091.58271646 1
112  26.11043578  091.58281154  26.11052111  091.58286224
111  26.11043578  091.58281154
112  26.11043578  091.58281154  26.11046228  091.58282728 1
112  26.11052416  091.58285947  26.11055638  091.58287529
111  26.11052416  091.58285947
112  26.11052416  091.58285947  26.11058194  091.58288785 1
112  26.11071885  091.58293294  26.11078972  091.58295135
111  26.11071885  091.58293294
112  26.11071885  091.58293294  26.11075173  091.58294148 1
112  26.11082027  091.58295257  26.11085490  091.58295690
111  26.11082027  091.58295257
112  26.11082027  091.58295257  26.11087020  091.58295881 1
112  26.11097339  091.58295413  26.11102521  091.58294827
111  26.11097339  091.58295413
112  26.11097339  091.58295413  26.11099925  091.58295120 1
112  26.11105374  091.58294497  26.11108135  091.58294180
111  26.11105374  091.58294497
112  26.11105374  091.58294497  26.11108882  091.58294095 1
112  26.11116189  091.58293246  26.11119872  091.58292818
111  26.11116189  091.58293246
112  26.11116189  091.58293246  26.11118402  091.58292989 1
112  26.11122877  091.58292466  26.11125118  091.58292203
111  26.11122877  091.58292466
112  26.11122877  091.58292466  26.11128277  091.58291833 1
112  26.11139024  091.58290562  26.11144326  091.58289934
111  26.11139024  091.58290562
112  26.11139024  091.58290562  26.11141079  091.58290319 1
112  26.11145114  091.58289839  26.11147116  091.58289601
111  26.11145114  091.58289839
112  26.11145114  091.58289839  26.11167164  091.58287216 1
111  26.11185348  091.58285003 1
112  26.11212362  091.58287703  26.11228234  091.58292011
111  26.11212362  091.58287703
112  26.11212362  091.58287703  26.11218319  091.58289320 1
112  26.11231892  091.58295450  26.11238842  091.58299131
111  26.11231892  091.58295450
112  26.11231892  091.58295450  26.11239305  091.58299376 1
112  26.11254837  091.58311912  26.11262584  091.58319122
111  26.11254837  091.58311912
112  26.11254837  091.58311912  26.11273170  091.58331424 1
112  26.11293900  091.58379198  26.11300081  091.58407544
111  26.11293900  091.58379198
112  26.11293900  091.58379198  26.11295920  091.58388461 1
112  26.11297118  091.58410158  26.11297191  091.58421640
111  26.11297118  091.58410158
112  26.11297118  091.58410158  26.11297161  091.58416948 1
112  26.11296108  091.58431923  26.11295380  091.58439664
111  26.11296108  091.58431923
112  26.11296108  091.58431923  26.11295094  091.58443843 1
112  26.11284429  091.58472693  26.11279844  091.58484438
111  26.11284429  091.58472693
112  26.11284429  091.58472693  26.11281965  091.58479005 1
112  26.11279353  091.58485348  26.11278772  091.58486927
111  26.11279353  091.58485348
112  26.11279353  091.58485348  26.11278858  091.58486693 1
112  26.11272583  091.58502778  26.11268982  091.58511994
111  26.11272583  091.58502778
112  26.11272583  091.58502778  26.11264094  091.58524504 1
112  26.11248157  091.58565373  26.11245792  091.58571519
111  26.11248157  091.58565373
112  26.11248157  091.58565373  26.11245239  091.58572957 1
112  26.11223978  091.58610686  26.11216394  091.58627145
111  26.11223978  091.58610686
112  26.11223978  091.58610686  26.11222809  091.58613223 1
112  26.11221057  091.58618015  26.11220239  091.58620256
111  26.11221057  091.58618015
112  26.11221057  091.58618015  26.11214933  091.58634792 1
111  26.11173871  091.58745624 1
112  26.11158192  091.58748735  26.11146679  091.58743825 1
115  26.11133819  091.58738232
120 Linear Feature 122
111  26.09506826  091.57953496 1
112  26.09509030  091.57907836  26.09516526  091.57883942 1
111  26.09522147  091.57873492 1
112  26.09563323  091.57836584  26.09587104  091.57828856 1
112  26.09629155  091.57840334  26.09648956  091.57849540
111  26.09629155  091.57840334
112  26.09629155  091.57840334  26.09633388  091.57842302 1
112  26.09884240  091.57958547  26.10036559  091.58029142
111  26.09884240  091.57958547
112  26.09884240  091.57958547  26.09893031  091.57962621 1
112  26.09911141  091.57971015  26.09920282  091.57975251
111  26.09911141  091.57971015
112  26.09911141  091.57971015  26.09976393  091.58001258 1
112  26.10130259  091.58072584  26.10210141  091.58109616
111  26.10130259  091.58072584
112  26.10130259  091.58072584  26.10145267  091.58079541 1
112  26.10175889  091.58093738  26.10191294  091.58100880
111  26.10175889  091.58093738
112  26.10175889  091.58093738  26.10239684  091.58123315 1
112  26.10375687  091.58186380  26.10444645  091.58218359
111  26.10375687  091.58186380
112  26.10375687  091.58186380  26.10385451  091.58190908 1
112  26.10405091  091.58200016  26.10414928  091.58204578
111  26.10405091  091.58200016
112  26.10405091  091.58200016  26.10511445  091.58249339 1
112  26.10731497  091.58351432  26.10841152  091.58402315
111  26.10731497  091.58351432
112  26.10731497  091.58351432  26.10742067  091.58356337 1
112  26.10763183  091.58366136  26.10773735  091.58371033
111  26.10763183  091.58366136
112  26.10763183  091.58366136  26.10922154  091.58439908 1
112  26.11217818  091.58577257  26.11357051  091.58641972
111  26.11217818  091.58577257
112  26.11217818  091.58577257  26.11220482  091.58578495 1
112  26.11225792  091.58580963  26.11228443  091.58582195
111  26.11225792  091.58580963
112  26.11225792  091.58580963  26.11237101  091.58586219 1
112  26.11259361  091.58596573  26.11270428  091.58601722
111  26.11259361  091.58596573
112  26.11259361  091.58596573  26.11533925  091.58724304 1
111  26.11731746  091.58817658 1
112  26.11790835  091.58881283  26.11801771  091.58927958
111  26.11790835  091.58881283
112  26.11790835  091.58881283  26.11793435  091.58892383 1
112  26.11793044  091.58921660  26.11790452  091.58939378
111  26.11793044  091.58921660
112  26.11793044  091.58921660  26.11785328  091.58955488 1
115  26.11775040  091.58977177
120 Linear Feature 121
111  26.11800500  091.58927997 4
115  26.11783701  091.58925944
120 Linear Feature 120
111  26.11213033  091.58662125 4
115  26.11199448  091.58655930
120 Linear Feature 119
111  26.11265544  091.58541445 4
115  26.11252788  091.58535689
120 Linear Feature 118
111  26.10774573  091.58308201 4
115  26.10763375  091.58302948
120 Linear Feature 117
111  26.10413095  091.58146627 4
115  26.10400823  091.58140880
120 Linear Feature 116
111  26.10129548  091.58160014 4
115  26.10116299  091.58153710
120 Linear Feature 115
111  26.09922282  091.57917610 4
115  26.09910764  091.57912074
120 Linear Feature 114
111  26.09528393  091.57878209 4
115  26.09517352  091.57870673
120 Linear Feature 111
111  26.11985126  091.59271512 4
115  26.12003748  091.59280420
120 Linear Feature 110
111  26.10714819  091.58649149 4
115  26.10732303  091.58657963
120 Linear Feature 109
111  26.10553809  091.58574526 4
115  26.10572228  091.58583154
120 Linear Feature 108
111  26.11966350  091.59595643
115  26.11968902  091.59596666
120 Linear Feature 107
111  26.11972815  091.59578192
115  26.11975154  091.59579140
120 Linear Feature 106
111  26.11978981  091.59570341
115  26.11979619  091.59572788
120 Linear Feature 105
111  26.12015129  091.59615768
115  26.12012453  091.59614607
120 Linear Feature 104
111  26.12020668  091.59601085
115  26.12018046  091.59600059
120 Linear Feature 103
111  26.12019734  091.59588315
115  26.12017607  091.59589815
120 Linear Feature 102
111  26.12009955  091.59581429
115  26.12008892  091.59584350
120 Linear Feature 101
111  26.12000174  091.59577245
115  26.11999305  091.59579649
120 Linear Feature 100
111  26.11989613  091.59572588
115  26.11988704  091.59575127
120 Linear Feature 99
111  26.11942491  091.59478340
115  26.11944532  091.59481371
120 Linear Feature 98
111  26.11937881  091.59494065
115  26.11941368  091.59492928
120 Linear Feature 97
111  26.11945638  091.59508369
115  26.11948190  091.59504580
120 Linear Feature 96
111  26.11956525  091.59518031
115  26.11958822  091.59513674
120 Linear Feature 95
111  26.11968780  091.59526663
115  26.11970821  091.59522305
120 Linear Feature 94
111  26.12049575  091.59518978
115  26.12044978  091.59518091
120 Linear Feature 93
111  26.12045322  091.59533756
115  26.12041410  091.59532146
120 Linear Feature 92
111  26.12040134  091.59546923
115  26.12036732  091.59544366
120 Linear Feature 91
111  26.12030948  091.59553081
115  26.12030523  091.59548344
120 Linear Feature 90
111  26.12005825  091.59544342
115  26.12007696  091.59540174
120 Linear Feature 89
111  26.12017935  091.59549576
115  26.12019672  091.59545313
120 Linear Feature 88
111  26.11992928  091.59538587
115  26.11994544  091.59534703
120 Linear Feature 87
111  26.11980016  091.59533286
115  26.11981122  091.59529875
120 Linear Feature 86
111  26.11957971  091.59475214
115  26.11957343  091.59478936
120 Linear Feature 85
111  26.11971835  091.59477866
115  26.11970983  091.59482248
120 Linear Feature 84
111  26.11985142  091.59480689
115  26.11984128  091.59485780
120 Linear Feature 83
111  26.11998559  091.59483890
115  26.11997569  091.59488773
120 Linear Feature 82
111  26.12010960  091.59489707
115  26.12008642  091.59494484
120 Linear Feature 81
111  26.12023378  091.59496338
115  26.12021283  091.59501210
120 Linear Feature 80
111  26.12035402  091.59502753
115  26.12033301  091.59507545
120 Linear Feature 79
111  26.12046878  091.59510039
115  26.12043781  091.59513054
120 Linear Feature 78
111  26.11995651  091.59224857
115  26.11990506  091.59228796
120 Linear Feature 77
111  26.11999135  091.59231299
115  26.11991474  091.59232026
120 Linear Feature 76
111  26.11987656  091.59211974
115  26.11982694  091.59215889
120 Linear Feature 75
111  26.11971743  091.59185910
115  26.11966339  091.59190634
120 Linear Feature 74
111  26.11963577  091.59172364
115  26.11958389  091.59176722
120 Linear Feature 73
111  26.11955615  091.59159481
115  26.11950443  091.59163365
120 Linear Feature 72
111  26.11947449  091.59146183
115  26.11942917  091.59150151
120 Linear Feature 71
111  26.12049575  091.59194319
115  26.12049929  091.59195174
120 Linear Feature 70
111  26.12042464  091.59201395
115  26.12045476  091.59204618
120 Linear Feature 69
111  26.12034636  091.59214691
115  26.12039066  091.59217783
120 Linear Feature 68
111  26.12027070  091.59228329
115  26.12030910  091.59231619
120 Linear Feature 67
111  26.12019166  091.59242327
115  26.12023301  091.59245089
120 Linear Feature 66
111  26.12056354  091.59485989
115  26.12058990  091.59479642
120 Linear Feature 65
111  26.12044616  091.59480589
115  26.12047338  091.59474432
120 Linear Feature 64
111  26.12032408  091.59475014
115  26.12034987  091.59468452
120 Linear Feature 63
111  26.12019793  091.59469233
115  26.12022120  091.59462549
120 Linear Feature 62
111  26.12007196  091.59462445
115  26.12010013  091.59456033
120 Linear Feature 61
111  26.11995694  091.59454488
115  26.11998751  091.59448733
120 Linear Feature 60
111  26.11984904  091.59446777
115  26.11988066  091.59440938
120 Linear Feature 59
111  26.11972837  091.59438313
115  26.11975776  091.59432584
120 Linear Feature 58
111  26.11961277  091.59427011
115  26.11968192  091.59423546
120 Linear Feature 57
111  26.11956925  091.59409278
115  26.11967336  091.59412552
120 Linear Feature 56
111  26.11961361  091.59394399
115  26.11970914  091.59398628
120 Linear Feature 55
111  26.11966193  091.59381514
115  26.11974031  091.59385061
120 Linear Feature 54
111  26.11971514  091.59367420
115  26.11976658  091.59370421
120 Linear Feature 53
111  26.12002504  091.59484934 3 102
111  26.12042187  091.59506214 3 102
112  26.12048654  091.59524547  26.12044245  091.59538297 3 102
111  26.12040718  091.59546154 3 102
112  26.12022493  091.59551720  26.12010000  091.59545990 3 102
111  26.11980017  091.59533386 3 102
112  26.11939746  091.59500485  26.11933426  091.59486244 3 102
114  26.11952974  091.59474458  26.11964585  091.59475276 3 102
120 Linear Feature 51
111  26.11934023  091.59682861 3 102
112  26.11972825  091.59577935  26.11976793  091.59566804 3 102
111  26.11984583  091.59570406 3 102
112  26.12013831  091.59583174  26.12025001  091.59588412 3 102
111  26.12020739  091.59601179 3 102
115  26.11981055  091.59705941
120 Linear Feature 50
111  26.11944124  091.59140621 3 102
111  26.11998798  091.59229832 3 102
112  26.11997034  091.59240308  26.11994095  091.59248493 3 102
115  26.11842751  091.59642672
120 Linear Feature 48
111  26.10609211  091.58525389
115  26.10609641  091.58530975
120 Linear Feature 47
111  26.10603429  091.58527817
115  26.10604905  091.58532659
120 Linear Feature 46
111  26.10597521  091.58531966
115  26.10599982  091.58536077
120 Linear Feature 45
111  26.10592429  091.58536789
115  26.10595095  091.58540672
120 Linear Feature 44
111  26.10588333  091.58542609
115  26.10592312  091.58545213
120 Linear Feature 43
111  26.10585667  091.58548319
115  26.10590056  091.58549872
120 Linear Feature 42
111  26.10562119  091.58502606
115  26.10558600  091.58506734
120 Linear Feature 41
111  26.10565119  091.58509723
115  26.10560935  091.58511970
120 Linear Feature 40
111  26.10567248  091.58516629
115  26.10564393  091.58517671
120 Linear Feature 39
111  26.10568922  091.58524248
115  26.10564787  091.58524522
120 Linear Feature 38
111  26.10569020  091.58531265
115  26.10564787  091.58530771
120 Linear Feature 37
111  26.10567297  091.58538719
115  26.10563303  091.58536787
120 Linear Feature 36
111  26.10542238  091.58604558
115  26.10538241  091.58602569
120 Linear Feature 35
111  26.10539091  091.58609767
115  26.10535604  091.58606547
120 Linear Feature 34
111  26.10534328  091.58615545
115  26.10531380  091.58611292
120 Linear Feature 33
111  26.10528034  091.58619997
115  26.10526078  091.58614408
120 Linear Feature 32
111  26.10521872  091.58622194
115  26.10520710  091.58616255
120 Linear Feature 31
111  26.10513745  091.58622056
115  26.10514459  091.58615724
120 Linear Feature 30
111  26.10506638  091.58619172
115  26.10508425  091.58613773
120 Linear Feature 29
111  26.10561435  091.58613018
115  26.10565816  091.58614717
120 Linear Feature 28
112  26.10559712  091.58621460  26.10559860  091.58621460
115  26.10565471  091.58621953
120 Linear Feature 27
111  26.10559663  091.58629846
115  26.10565619  091.58628530
120 Linear Feature 26
111  26.10561780  091.58637794
115  26.10567440  091.58634615
120 Linear Feature 25
111  26.10566308  091.58644865
115  26.10570590  091.58640260
120 Linear Feature 24
111  26.10572559  091.58649633
115  26.10575365  091.58644591
120 Linear Feature 23
111  26.10578515  091.58652539
115  26.10580681  091.58647605
120 Linear Feature 22
111  26.10668522  091.58693615
115  26.10670097  091.58689285
120 Linear Feature 21
111  26.10674192  091.58696538
115  26.10674881  091.58691276
120 Linear Feature 20
111  26.10680975  091.58697014
115  26.10680630  091.58691039
120 Linear Feature 19
111  26.10688505  091.58695041
115  26.10686537  091.58689888
120 Linear Feature 18
111  26.10694215  091.58691258
115  26.10691459  091.58687421
120 Linear Feature 17
111  26.10698940  091.58686435
115  26.10695741  091.58682762
120 Linear Feature 16
111  26.10728080  091.58613039
115  26.10723945  091.58611285
120 Linear Feature 15
111  26.10729787  091.58603680
115  26.10724618  091.58603187
120 Linear Feature 14
111  26.10729592  091.58595439
115  26.10724768  091.58595549
120 Linear Feature 13
111  26.10728263  091.58588149
115  26.10724129  091.58589190
120 Linear Feature 12
111  26.10726196  091.58581023
115  26.10720486  091.58584586
120 Linear Feature 11
111  26.10721768  091.58687425
115  26.10725541  091.58689116
120 Linear Feature 10
111  26.10720291  091.58694003
115  26.10724270  091.58694917
120 Linear Feature 9
111  26.10719963  091.58700992
115  26.10724270  091.58700718
120 Linear Feature 8
111  26.10721686  091.58710539
115  26.10726321  091.58708026
120 Linear Feature 7
111  26.10725747  091.58717802
115  26.10730012  091.58713690
120 Linear Feature 6
111  26.10730792  091.58722689
115  26.10734360  091.58717345
120 Linear Feature 5
111  26.10736903  091.58726389
115  26.10739734  091.58719948
120 Linear Feature 3
112  26.10573270  091.58650177  26.10553140  091.58640311 3 102
111  26.10560876  091.58614294 3 102
112  26.10584904  091.58549571  26.10593055  091.58528417 3 102
115  26.10612051  091.58524313
120 Linear Feature 2
111  26.10724471  091.58576351 3 102
112  26.10727329  091.58615337  26.10720185  091.58634659 3 102
111  26.10704160  091.58678192 3 102
116  26.10674922  091.58696677  26.10655675  091.58692613
120 Linear Feature 4
111  26.10561379  091.58501338 3 102
112  26.10568014  091.58537046  26.10562995  091.58550686 3 102
111  26.10542072  091.58604674 3 102
116  26.10511682  091.58621569  26.10490333  091.58615886
120 Linear Feature 1
112  26.10737742  091.58726805  26.10711205  091.58714985 3 102
111  26.10722009  091.58686567 3 102
112  26.10745682  091.58621448  26.10752628  091.58602426 3 102
115  26.10772616  091.58598400
120 Linear Feature 49
111  26.12288004  091.59594028 3 102
111  26.12010435  091.59464831 3 102
112  26.11970399  091.59436742  26.11952410  091.59423778 3 102
111  26.11957348  091.59404921 3 102
111  26.12015876  091.59248005 3 102
111  26.12041494  091.59202308 3 102
115  26.12050680  091.59192873
120 Linear Feature 234
111  26.11920538  091.59510655 1
112  26.11948050  091.59536047  26.11968829  091.59547243
111  26.11948050  091.59536047
112  26.11948050  091.59536047  26.11956487  091.59540313 1
112  26.12025721  091.59573934  26.12063471  091.59592235
111  26.12025721  091.59573934
112  26.12025721  091.59573934  26.12036845  091.59579327 1
112  26.12060294  091.59590682  26.12072076  091.59596385
111  26.12060294  091.59590682
112  26.12060294  091.59590682  26.12072445  091.59596563 1
112  26.12096641  091.59608266  26.12108564  091.59614032
111  26.12096641  091.59608266
112  26.12096641  091.59608266  26.12109892  091.59614674 1
112  26.12134453  091.59626544  26.12146195  091.59632218
111  26.12134453  091.59626544
112  26.12134453  091.59626544  26.12147194  091.59632700 1
112  26.12168039  091.59642768  26.12177414  091.59647295
111  26.12168039  091.59642768
112  26.12168039  091.59642768  26.12183790  091.59650374 1
111  26.12193625  091.59655120 1
112  26.12206422  091.59693007  26.12196865  091.59718446 1
111  26.12190223  091.59736307 1
112  26.12155234  091.59742802  26.12127048  091.59729992
111  26.12155234  091.59742802
112  26.12155234  091.59742802  26.12150245  091.59740534 1
112  26.12134959  091.59733508  26.12126727  091.59729717
111  26.12134959  091.59733508
112  26.12134959  091.59733508  26.12124844  091.59728850 1
112  26.12100925  091.59717789  26.12088899  091.59712224
111  26.12100925  091.59717789
112  26.12100925  091.59717789  26.12087737  091.59711687 1
112  26.12063055  091.59700242  26.12051720  091.59694984
111  26.12063055  091.59700242
112  26.12063055  091.59700242  26.12045611  091.59692151 1
111  26.12032932  091.59686259 1
112  26.12026993  091.59682519  26.12023731  091.59679979
111  26.12026993  091.59682519
112  26.12026993  091.59682519  26.12020294  091.59677301 1
112  26.12017673  091.59648661  26.12024210  091.59630898
111  26.12017673  091.59648661
112  26.12017673  091.59648661  26.12027392  091.59622249 1
111  26.12034099  091.59603775 1
116  26.12025721  091.59573934  26.12010365  091.59565058
21  26.11981413  091.59269834 6 294.1 3.00 New Light Fixture 28
21  26.12006987  091.59281784 6 292.3 3.00 New Light Fixture 27
21  26.10712718  091.58647754 6 293.3 3.00 New Light Fixture 26
21  26.10734356  091.58659233 6 290.7 3.00 New Light Fixture 25
21  26.10551744  091.58573212 6 293.6 3.00 New Light Fixture 24
21  26.10574114  091.58584104 6 291.9 3.00 New Light Fixture 23
21  26.09784505  091.58063850 2 23.0 3.00 02  PAPI-4L
21  26.11781756  091.59100662 2 202.7 3.25 20  PAPI-4L
20  26.09531720  091.57880895 121.1 0 2 {@L}L1{@R}02{@@,safety,@L}L1
20  26.11267384  091.58618614 201.8 0 2 {@Y,^l}L3{@L}L{@Y}D{^r}
20  26.10775194  091.58390589 201.8 0 2 {@L}L{@Y}C{^r}
20  26.10413454  091.58221511 201.8 0 2 {@L}L{@Y}B{^r}
20  26.09921062  091.57991691 201.8 0 2 {@L}L{@Y}A{^r}
20  26.11262174  091.58568286 112.7 0 2 {@Y,^u}L3{@L}D{@Y,^l}L{^r}
20  26.10768095  091.58336301 112.7 0 2 {@L}C{@Y,^l}L{^r}
20  26.10410353  091.58172054 112.7 0 2 {@L}B{@Y,^l}L{^r}
20  26.09917961  091.57942234 112.7 0 2 {@L}A{@Y,^l}L{^r}
20  26.10475965  091.58066770 227.2 0 2 {@Y,^l}B
20  26.10452229  091.57996744 50.7 0 2 {@Y}B{^r}
20  26.10452229  091.58063415 112.7 0 2 {@L}B
20  26.10840798  091.58195634 174.4 0 2 {@Y,^l}C
20  26.10784912  091.58177414 2.4 0 2 {@Y}C{^r}
20  26.10809534  091.58226842 112.7 0 2 {@L}C
20  26.11306541  091.58436873 98.6 0 2 {@L}D
20  26.11270679  091.58543756 112.7 0 2 {@L}D{@R}HOLD{@@,safety,@L}D
20  26.10780343  091.58311392 112.7 0 2 {@L}C{@R}HOLD{@@,safety,@L}C
20  26.10417837  091.58148850 112.7 0 2 {@L}B{@R}HOLD{@@,safety,@L}B
20  26.09981002  091.57832027 154.3 0 2 {@L}A
20  26.09925446  091.57919029 112.7 0 2 {@L}A{@R}HOLD{@@,safety,@L}A
20  26.11790187  091.58999658 202.4 0 2 {@Y}L4{^r}
20  26.11244939  091.58750373 202.4 0 2 {@Y}L3{^r}
20  26.10780581  091.58619693 202.4 0 2 {@Y,^l}E
20  26.10696017  091.58579947 23.0 0 2 {@Y}E{^r}
20  26.10542694  091.58509864 23.0 0 2 {@Y}F{^r}
20  26.10622695  091.58546866 202.4 0 2 {@Y,^l}F
20  26.10122987  091.58232511 202.4 0 2 {@Y}L2{^r}
20  26.11921329  091.59146808 22.5 0 2 {@Y}G{^r}
20  26.11741488  091.58941077 8.4 0 2 {@Y,^l}L4
20  26.11156556  091.58708652 22.1 0 2 {@Y,^l}L3
20  26.10076002  091.58209886 22.1 0 2 {@Y,^l}L2
20  26.10185422  091.58117266 201.1 0 2 {@Y,^l}L2{@L}L
20  26.11981419  091.59585499 292.0 0 2 {@Y}J{^r}
20  26.11891259  091.59465004 292.0 0 2 {@L}G{@Y}H{^r}
20  26.11993102  091.59588893 204.1 0 2 {@L}J{@Y}G{^r}
20  26.12001991  091.59509412 204.1 0 2 {@L}H{@Y,^l}G{^r}
20  26.11953736  091.59491592 111.0 0 2 {@Y,^l}J{@L}G
20  26.11987261  091.59393725 111.0 0 2 {@Y,^l}H{@L}G
20  26.12022817  091.59290483 293.2 0 2 {@R}20{@L}G{@@}G{safety}
20  26.11970029  091.59264429 293.2 0 2 {@L}G{@R}20{@@,safety,@L}G
20  26.11808219  091.58928813 96.3 0 2 {@L}L4{@R}20-02{@@,safety,@L}L4
20  26.11218878  091.58665451 112.7 0 2 {@L}L3{@R}20-02{@@,safety,@L}L3
20  26.10744909  091.58664327 293.3 0 2 {@R}02-20{@L}E{@@}E{safety}
20  26.10663722  091.58679033 21.8 0 2 {@Y,^l}E
20  26.10585838  091.58643916 202.4 0 2 {@Y}F{^r}
20  26.10585414  091.58589944 293.3 0 2 {@R}02-20{@L}F{@@}F{safety}
20  26.10701299  091.58643437 293.3 0 2 {@L}E{@R}02-20{@@,safety,@L}E
20  26.10539264  091.58567358 293.3 0 2 {@L}F{@R}02-20{@@,safety,@L}F
20  26.10139672  091.58164912 112.7 0 2 {@L}L2{@R}20-02{@@,safety,@L}L2
20  26.11208463  091.58612386 292.2 0 2 {@Y,^u}D3{@L}L3{@Y,^l}L{^r}
20  26.10123622  091.58114438 292.2 0 2 {@L}L2{@Y,^l}L{^r}
20  26.10129971  091.58055520 22.1 0 2 {@L}L{@Y}L2{^r}
20  26.11216083  091.58556911 22.1 0 2 {@Y,^l}D{@L}L{@Y}L3{^r}
20  26.10726648  091.58332182 22.1 0 2 {@Y,^l}C{@L}L
20  26.10367034  091.58167367 22.1 0 2 {@Y,^l}B{@L}L
20  26.09874643  091.57937546 22.1 0 2 {@Y,^l}A{@L}L
20  26.09632336  091.57854844 201.8 0 2 {@Y,^l}L1{@L}L{@@}L
20  26.09537232  091.57924764 207.1 0 2 {@Y}L1{^r}
14  26.10432828  091.58733780 82 0 Guwahati
1300  26.10479951  091.58693708 22.6 misc heavy|jets|turboprops Gate 2
1301 C none 
1300  26.10449250  091.58664478 112.6 gate heavy|jets|turboprops Gate 1
1301 C airline 
1300  26.10509714  091.58717823 112.6 gate heavy|jets|turboprops Gate 3
1301 C airline 
1300  26.10706895  091.58809370 112.6 tie_down heavy|jets|turboprops Cargo 8
1301 C cargo 
1300  26.10746814  091.58828161 112.6 tie_down heavy|jets|turboprops Cargo 9
1301 C cargo 
1300  26.10671492  091.58792642 113.4 gate jets|turboprops Gate 7
1301 B airline 
1300  26.10635240  091.58776267 113.4 gate jets|turboprops Gate 6
1301 B airline 
1300  26.10595147  091.58759130 112.6 gate heavy|jets|turboprops Gate 5
1301 C airline 
1300  26.10561512  091.58743095 112.6 gate heavy|jets|turboprops Gate 4
1301 C airline 
1300  26.12163733  091.59699836 112.6 tie_down jets|turboprops|props GA Parking
1301 B general_aviation 
1300  26.12088051  091.59560228 112.6 tie_down turboprops|props GA Parking
1301 A general_aviation 
1300  26.12124161  091.59578270 112.6 tie_down turboprops|props GA Parking
1301 A general_aviation 
1300  26.12161845  091.59597439 112.6 tie_down turboprops|props GA Parking
1301 A general_aviation 
1300  26.12195031  091.59613852 112.6 tie_down turboprops|props GA Parking
1301 A general_aviation 
1300  26.12228441  091.59629387 112.6 tie_down turboprops|props GA Parking
1301 A general_aviation 
1300  26.12196584  091.59718671 112.6 tie_down jets|turboprops|props GA Parking
1301 B general_aviation 
1300  26.12130298  091.59683166 112.6 tie_down jets|turboprops|props GA Parking
1301 B general_aviation 
1300  26.12092198  091.59666495 112.6 tie_down jets|turboprops|props GA Parking
1301 B general_aviation 
1300  26.12056237  091.59648959 112.6 tie_down jets|turboprops|props GA Parking
1301 B general_aviation 
1300  26.11914129  091.59628253 114.1 tie_down jets|turboprops|props GA Parking
1301 B general_aviation 
1300  26.11870932  091.59605101 114.1 tie_down jets|turboprops|props GA Parking
1301 B general_aviation 
1300  26.11088709  091.58320784 -73.4 tie_down jets|turboprops|props|fighters Military Parking
1301 B military 
1300  26.11055861  091.58312766 -73.4 tie_down jets|turboprops|props|fighters Military Parking
1301 B military 
1300  26.10128032  091.57913379 2.0 tie_down helos Military Heli Parking
1301 B military 
1300  26.10120345  091.57947618 -23.4 tie_down helos Military Heli Parking
1301 B military 
1300  26.10149312  091.57962859 -77.3 tie_down helos Military Heli Parking
1301 B military 
1300  26.10178091  091.57970688 -77.3 tie_down helos Military Heli Parking
1301 B military 
1300  26.10255523  091.57950854 -166.5 tie_down helos Military Heli Parking
1301 B military 
1300  26.10247180  091.57986555 -124.7 tie_down helos Military Heli Parking
1301 B military 
1300  26.10206308  091.57979561 -77.3 tie_down helos Military Heli Parking
1301 B military 
1300  26.10982876  091.58287661 1.0 tie_down helos Military Heli Parking
1301 B military 
1300  26.11320045  091.58389996 175.0 tie_down fighters Military Hanger
1301 A military 
1300  26.11247999  091.58471699 21.8 tie_down fighters Military Hanger
1301 A military 
1300  26.11232017  091.58264663 110.8 tie_down fighters Military Hanger
1301 A military 
1300  26.11118861  091.58216232 14.8 tie_down fighters Military Hanger
1301 A military 
1300  26.11052583  091.58197576 195.7 tie_down fighters Military Hanger
1301 A military 
1300  26.10927833  091.58154196 105.3 tie_down fighters Military Hanger
1301 A military 
1300  26.10681493  091.58094264 29.0 tie_down fighters Military Hanger
1301 A military 
1300  26.09907800  091.57840027 27.9 tie_down fighters Military Hanger
1301 A military 
1300  26.10048111  091.57781717 110.5 tie_down fighters Military Hanger
1301 A military 
1300  26.10177337  091.57822760 176.8 tie_down fighters Military Hanger
1301 A military 
1300  26.10244157  091.57842677 40.4 tie_down fighters Military Hanger
1301 A military 
1300  26.10379256  091.57893726 113.9 tie_down fighters Military Hanger
1301 A military 
1300  26.10394489  091.57992463 -31.9 tie_down fighters Military Hanger
1301 A military 
1300  26.10618479  091.58059809 -158.5 tie_down fighters Military Hanger
1301 A military 
1300  26.10536999  091.58133408 -66.6 tie_down jets|turboprops|props|fighters Military Parking
1301 B military 
1300  26.10555748  091.58148632 -67.6 tie_down jets|turboprops|props|fighters Military Parking
1301 B military 
1300  26.10575668  091.58161768 -65.5 tie_down jets|turboprops|props|fighters Military Parking
1301 B military 
1300  26.10611681  091.58180646 -65.1 tie_down jets|turboprops|props|fighters Military Parking
1301 B military 
1300  26.10645038  091.58192999 -67.6 tie_down jets|turboprops|props|fighters Military Parking
1301 B military 
1300  26.10678395  091.58204830 -67.6 tie_down jets|turboprops|props|fighters Military Parking
1301 B military 
1300  26.11025263  091.58299988 -73.4 tie_down jets|turboprops|props|fighters Military Parking
1301 B military 
18  26.10434593  091.58530504 1 Guwahati
19  26.09436770  091.58033443 1 WS
19  26.10310963  091.58554799 1 WS
19  26.11730856  091.59078082 1 WS
50 12660 ATIS
53 12190 GND
54 11875 TWR
55 12390 APP
1200 
1201  26.10346153  091.58722076 both 0 _stop
1201  26.11270747  091.58456956 both 1 _stop
1201  26.11276417  091.58418711 both 2 _stop
1201  26.11274311  091.58390208 both 3 _stop
1201  26.11262324  091.58356834 both 4 _stop
1201  26.11235272  091.58328331 both 5 _stop
1201  26.11203036  091.58309208 both 6 _stop
1201  26.11159785  091.58305961 both 7 _stop
1201  26.10952429  091.58227383 both 8 _stop
1201  26.10913474  091.58212576 both 9 _stop
1201  26.10879184  091.58213095 both 10 _stop
1201  26.10822268  091.58223746 both 11 _stop
1201  26.10780281  091.58211537 both 12 _stop
1201  26.10115501  091.57843888 both 13 _stop
1201  26.10101535  091.57881798 both 14 _stop
1201  26.10097648  091.57900738 both 15 _stop
1201  26.10093760  091.57936994 both 16 _stop
1201  26.10096676  091.57961346 both 17 _stop
1201  26.10481724  091.58088714 both 18 _stop
1201  26.10432452  091.58027232 both 19 _stop
1201  26.10396005  091.57972966 both 20 _stop
1201  26.10369951  091.57950267 both 21 _stop
1201  26.10331074  091.57939895 both 22 _stop
1201  26.10298407  091.57942150 both 23 _stop
1201  26.10282613  091.57973417 both 24 _stop
1201  26.10269923  091.58010396 both 25 _stop
1201  26.11128705  091.58310340 both 26 _stop
1201  26.11116331  091.58354187 both 27 _stop
1201  26.11099457  091.58365587 both 28 _stop
1201  26.11078286  091.58364509 both 29 _stop
1201  26.11027260  091.58349537 both 30 _stop
1201  26.10983523  091.58331136 both 31 _stop
1201  26.10960844  091.58304257 both 32 _stop
1201  26.10957605  091.58281166 both 33 _stop
1201  26.10967486  091.58244726 both 34 _start
1201  26.10252293  091.58011870 both 35 _stop
1201  26.10201428  091.58008082 both 36 _stop
1201  26.10173728  091.58002850 both 37 _stop
1201  26.10141331  091.57990224 both 38 _stop
1201  26.10107637  091.57972907 both 39 _start
1201  26.10718639  091.58203810 both 40 _stop
1201  26.10712002  091.58217089 both 41 _stop
1201  26.10701091  091.58242519 both 42 _stop
1201  26.10686129  091.58247656 both 43 _stop
1201  26.10661044  091.58244148 both 44 _stop
1201  26.10616384  091.58231245 both 45 _stop
1201  26.10573637  091.58212329 both 46 _stop
1201  26.10519641  091.58179383 both 47 _stop
1201  26.10504117  091.58163974 both 48 _stop
1201  26.10498830  091.58148315 both 49 _stop
1201  26.10502542  091.58132782 both 50 _stop
1201  26.10510979  091.58112363 both 51 _start
1201  26.12196991  091.59787327 both 52 _stop
1201  26.12012604  091.59697337 both 53 _stop
1201  26.12000099  091.59701847 both 54 _stop
1201  26.11984980  091.59719437 both 55 _stop
1201  26.11954972  091.59711230 both 56 _stop
1201  26.11832975  091.59653815 both 57 _stop
1201  26.11918157  091.59430028 both 58 _stop
1201  26.11893971  091.59419128 both 59 _stop
1201  26.11892734  091.59409106 both 60 _stop
1201  26.11953557  091.59233058 both 61 _stop
1201  26.11954182  091.59224358 both 62 _stop
1201  26.11949495  091.59216005 both 63 _stop
1201  26.11327403  091.58928624 both 64 _stop
1201  26.11298051  091.58917799 both 65 _stop
1201  26.11231182  091.58905676 both 66 _stop
1201  26.11170922  091.58890523 both 67 _stop
1201  26.10962985  091.58808073 both 68 _stop
1201  26.10832451  091.58755946 both 69 _stop
1201  26.10821280  091.58755163 both 70 _stop
1201  26.10812453  091.58764297 both 71 _stop
1201  26.10789493  091.58829508 both 72 _stop
1201  26.10783756  091.58841409 both 73 _stop
1201  26.10775994  091.58848049 both 74 _stop
1201  26.10769357  091.58849552 both 75 _stop
1201  26.10757520  091.58855079 both 76 _stop
1201  26.10601986  091.58785997 both 77 _stop
1201  26.10586827  091.58763611 both 78 _stop
1201  26.10577144  091.58757811 both 79 _stop
1201  26.10556911  091.58753432 both 80 _stop
1201  26.10539573  091.58745820 both 81 _stop
1201  26.10530013  091.58734648 both 82 _stop
1201  26.10515561  091.58731832 both 83 _stop
1201  26.10397196  091.58679528 both 84 _stop
1201  26.10483371  091.58717399 both 85 _stop
1201  26.10352034  091.58662571 both 86 _start
1201  26.10365370  091.58667480 both 87 _start
1201  26.10773477  091.58758499 both 88 _stop
1201  26.10733480  091.58740056 both 89 _stop
1201  26.10661909  091.58706766 both 90 _stop
1201  26.10622443  091.58688288 both 91 _stop
1201  26.10588631  091.58672358 both 92 _stop
1201  26.10468085  091.58616137 both 93 _start
1201  26.10697532  091.58722954 both 94 E_stop
1201  26.10536571  091.58648078 both 95 F_stop
1201  26.10166262  091.57828409 both 96 _stop
1201  26.10253421  091.57857248 both 97 _stop
1201  26.10602435  091.58061673 both 98 _stop
1201  26.10688889  091.58112943 both 99 _stop
1201  26.11035642  091.58208000 both 100 _stop
1201  26.11128989  091.58229149 both 101 _stop
1201  26.11296117  091.58393245 both 102 _stop
1201  26.11291257  091.58368289 both 103 _stop
1201  26.11277353  091.58338523 both 104 _stop
1201  26.11252110  091.58309359 both 105 _stop
1201  26.11223762  091.58291770 both 106 _stop
1201  26.11207833  091.58286358 both 107 _stop
1201  26.11185290  091.58284704 both 108 _stop
1201  26.11133994  091.58291168 both 109 _stop
1201  26.11092012  091.58295828 both 110 _stop
1201  26.11060829  091.58289965 both 111 _stop
1201  26.11035451  091.58275684 both 112 _stop
1201  26.11007508  091.58251631 both 113 _stop
1201  26.10953781  091.58201571 both 114 _stop
1201  26.10921384  091.58182629 both 115 _stop
1201  26.10900865  091.58178720 both 116 _stop
1201  26.10880481  091.58178570 both 117 _stop
1201  26.10841874  091.58183982 both 118 _stop
1201  26.10745095  091.58188893 both 119 _stop
1201  26.10686239  091.58183631 both 120 _stop
1201  26.10688551  091.58160546 both 121 _stop
1201  26.10652222  091.58176115 both 122 _stop
1201  26.10618474  091.58164389 both 123 _stop
1201  26.10582837  091.58146050 both 124 _stop
1201  26.10562453  091.58132821 both 125 _stop
1201  26.10543959  091.58118690 both 126 _stop
1201  26.10505082  091.58081109 both 127 _stop
1201  26.10420578  091.57973177 both 128 _stop
1201  26.10405324  091.57952282 both 129 _stop
1201  26.10367797  091.57921766 both 130 _stop
1201  26.10335939  091.57911093 both 131 _stop
1201  26.10304756  091.57910492 both 132 _stop
1201  26.10266284  091.57916054 both 133 _stop
1201  26.10222277  091.57916354 both 134 _stop
1201  26.10192039  091.57909890 both 135 _stop
1201  26.10158426  091.57898015 both 136 _stop
1201  26.10128724  091.57879633 both 137 _stop
1201  26.10046267  091.57819480 both 138 _stop
1201  26.10105242  091.57862829 both 139 _stop
1201  26.10020476  091.57809859 both 140 A_stop
1201  26.10036630  091.57814959 both 141 A_stop
1201  26.09991588  091.57812865 both 142 A_stop
1201  26.09967695  091.57823988 both 143 A_stop
1201  26.09954019  091.57834700 both 144 A_stop
1201  26.09939620  091.57855493 both 145 A_stop
1201  26.09930283  091.57878166 both 146 A_stop
1201  26.10457346  091.58025062 both 147 B_stop
1201  26.10443982  091.58047009 both 148 B_stop
1201  26.10809358  091.58188909 both 149 C_stop
1201  26.10799315  091.58226250 both 150 C_stop
1201  26.11297190  091.58410389 both 151 D_stop
1201  26.11295030  091.58440306 both 152 D_stop
1201  26.11279236  091.58485857 both 153 D_stop
1201  26.11248053  091.58565835 both 154 D_stop
1201  26.11223824  091.58610596 both 155 L3_stop
1201  26.09532554  091.57859286 both 156 L1_stop
1201  26.09553022  091.57841367 both 157 L1_stop
1201  26.09584894  091.57831972 both 158 L1_stop
1201  26.09604580  091.57832755 both 159 L1_stop
1201  26.09628910  091.57840238 both 160 L_stop
1201  26.09898109  091.57964867 both 161 L_stop
1201  26.10150963  091.58082168 both 162 L_stop
1201  26.10389200  091.58192499 both 163 L_stop
1201  26.10749010  091.58359340 both 164 L_stop
1201  26.11237157  091.58586156 both 165 L_stop
1201  26.11732380  091.58817725 both 166 L_stop
1201  26.11760188  091.58833962 both 167 L_stop
1201  26.11785296  091.58864782 both 168 L4_stop
1201  26.11793261  091.58892294 both 169 L4_stop
1201  26.11784285  091.58953786 both 170 L4_stop
1201  26.11792497  091.58924344 both 171 L4_start
1201  26.11206625  091.58657338 both 172 L3_start
1201  26.10123599  091.58155303 both 173 L2_start
1201  26.09505172  091.57933373 both 174 L1_stop
1201  26.09512073  091.57898579 both 175 L1_stop
1201  26.09523856  091.57870961 both 176 L1_start
1201  26.10562076  091.58580711 both 177 F_start
1201  26.10722555  091.58655596 both 178 E_start
1201  26.09514758  091.57949442 both 179 _stop
1201  26.09549980  091.57953720 both 180 _stop
1201  26.09625990  091.57997190 both 181 _stop
1201  26.12023247  091.59199599 both 182 _stop
1201  26.12003692  091.59190766 both 183 _stop
1201  26.11983865  091.59168684 both 184 _stop
1201  26.12029089  091.59153357 both 185 _stop
1201  26.09502094  091.57986915 both 186 _start
1201  26.09653454  091.58057322 both 187 _start
1201  26.10085945  091.58256821 both 188 _start
1201  26.10595486  091.58492144 both 189 _start
1201  26.10755740  091.58565776 both 190 _start
1201  26.11169878  091.58756725 both 191 _start
1201  26.11755487  091.59026827 both 192 _start
1201  26.11956806  091.59119843 both 193 _start
1202 89 88 twoway taxiway_C 
1202 94 89 twoway taxiway_C 
1202 90 94 twoway taxiway_C 
1202 91 90 twoway taxiway_C 
1202 92 91 twoway taxiway_C 
1202 95 92 twoway taxiway_C 
1202 93 95 twoway taxiway_C 
1202 178 94 oneway taxiway_C E
1202 95 177 oneway taxiway_C F
1202 137 96 twoway taxiway_A 
1202 133 97 twoway taxiway_A 
1202 126 98 twoway taxiway_A 
1202 120 121 twoway taxiway_A 
1202 121 99 twoway taxiway_A 
1202 113 100 twoway taxiway_A 
1202 109 101 twoway taxiway_A 
1202 102 151 twoway taxiway_B 
1202 103 102 twoway taxiway_B 
1202 104 103 twoway taxiway_B 
1202 105 104 twoway taxiway_B 
1202 106 105 twoway taxiway_B 
1202 107 106 twoway taxiway_B 
1202 108 107 twoway taxiway_B 
1202 109 108 twoway taxiway_B 
1202 110 109 twoway taxiway_B 
1202 111 110 twoway taxiway_B 
1202 112 111 twoway taxiway_B 
1202 113 112 twoway taxiway_B 
1202 114 113 twoway taxiway_B 
1202 115 114 twoway taxiway_B 
1202 116 115 twoway taxiway_B 
1202 117 116 twoway taxiway_B 
1202 118 117 twoway taxiway_B 
1202 149 118 twoway taxiway_B 
1202 119 149 twoway taxiway_B 
1202 120 119 twoway taxiway_B 
1202 122 120 twoway taxiway_B 
1202 123 122 twoway taxiway_B 
1202 124 123 twoway taxiway_B 
1202 125 124 twoway taxiway_B 
1202 126 125 twoway taxiway_B 
1202 127 126 twoway taxiway_B 
1202 147 127 twoway taxiway_B 
1202 128 147 twoway taxiway_B 
1202 129 128 twoway taxiway_B 
1202 130 129 twoway taxiway_B 
1202 131 130 twoway taxiway_B 
1202 132 131 twoway taxiway_B 
1202 133 132 twoway taxiway_B 
1202 134 133 twoway taxiway_B 
1202 135 134 twoway taxiway_B 
1202 136 135 twoway taxiway_B 
1202 137 136 twoway taxiway_B 
1202 138 139 twoway taxiway_B 
1202 139 137 twoway taxiway_B 
1202 140 141 twoway taxiway_B 
1202 141 138 twoway taxiway_B 
1202 142 140 twoway taxiway_B A
1202 143 142 twoway taxiway_B A
1202 144 143 twoway taxiway_B A
1202 145 144 twoway taxiway_B A
1202 146 145 twoway taxiway_B A
1202 161 146 twoway taxiway_B A
1202 148 147 twoway taxiway_B B
1202 163 148 twoway taxiway_B B
1202 150 149 twoway taxiway_B C
1202 164 150 twoway taxiway_B C
1202 152 151 twoway taxiway_B D
1202 153 152 twoway taxiway_B D
1202 154 153 twoway taxiway_B D
1202 165 154 twoway taxiway_B D
1202 155 165 twoway taxiway_B L3
1202 172 155 twoway taxiway_B L3
1202 173 162 twoway taxiway_B L2
1202 156 176 twoway taxiway_B L1
1202 157 156 twoway taxiway_B L1
1202 158 157 twoway taxiway_B L1
1202 159 158 twoway taxiway_B L1
1202 160 159 twoway taxiway_B L1
1202 161 160 twoway taxiway_B L
1202 162 161 twoway taxiway_B L
1202 163 162 twoway taxiway_B L
1202 164 163 twoway taxiway_B L
1202 165 164 twoway taxiway_B L
1202 166 165 twoway taxiway_B L
1202 167 166 twoway taxiway_B L
1202 168 167 twoway taxiway_B L
1202 169 168 twoway taxiway_B L4
1202 171 169 twoway taxiway_B L4
1202 170 192 twoway taxiway_B L4
1204 departure 02,20
1204 arrival 02,20
1202 171 170 twoway taxiway_B L4
1204 departure 02,20
1204 arrival 02,20
1202 172 191 twoway taxiway_B L3
1204 departure 02,20
1204 arrival 02,20
1202 173 188 twoway taxiway_B L2
1204 departure 02,20
1204 arrival 02,20
1202 174 186 twoway taxiway_B L1
1204 departure 02,20
1204 arrival 02,20
1202 175 174 twoway taxiway_B L1
1204 departure 02,20
1204 arrival 02,20
1202 176 175 twoway taxiway_B L1
1204 departure 02,20
1204 arrival 02,20
1202 177 189 oneway taxiway_C F
1204 departure 02,20
1204 arrival 02,20
1202 190 178 oneway taxiway_C E
1204 departure 02,20
1204 arrival 02,20
1202 182 185 twoway taxiway_C G
1204 departure 02,20
1204 arrival 02,20
1202 179 186 oneway taxiway_D 
1204 departure 02,20
1204 arrival 02,20
1202 180 179 oneway taxiway_D 
1204 departure 02,20
1204 arrival 02,20
1202 181 180 oneway taxiway_D 
1204 departure 02,20
1204 arrival 02,20
1202 187 181 oneway taxiway_D 
1204 departure 02,20
1204 arrival 02,20
1202 183 182 oneway taxiway_D 
1204 departure 02,20
1204 arrival 02,20
1202 184 183 oneway taxiway_D 
1204 departure 02,20
1204 arrival 02,20
1202 193 184 oneway taxiway_D 
1204 departure 02,20
1204 arrival 02,20
1202 186 187 twoway runway 02/20
1204 departure 02,20
1204 arrival 02,20
1204 ils 02,20
1202 187 188 twoway runway 02/20
1204 departure 02,20
1204 arrival 02,20
1204 ils 02,20
1202 188 189 twoway runway 02/20
1204 departure 02,20
1204 arrival 02,20
1204 ils 02,20
1202 189 190 twoway runway 02/20
1204 departure 02,20
1204 arrival 02,20
1204 ils 02,20
1202 190 191 twoway runway 02/20
1204 departure 02,20
1204 arrival 02,20
1204 ils 02,20
1202 191 192 twoway runway 02/20
1204 departure 02,20
1204 arrival 02,20
1204 ils 02,20
1202 192 193 twoway runway 02/20
1204 departure 02,20
1204 arrival 02,20
1204 ils 02,20
1202 193 185 twoway runway 02/20
1204 departure 02,20
1204 arrival 02,20
1204 ils 02,20
99
