-475.7 8839.9 182.6
1302.4 5643.1 217.7
5978.2 7075.9 162.4
6650.8 8184.9 158.0
6621.2 8130.0 158.2
-5752.1 2181.3 256.0
-3679.9 -4918.5 195.0
-682.9 -5564.3 268.2
445.8 6106.2 206.0
-4857.8 2850.8 385.2
-6629.2 -4034.9 241.6
4737.2 721.2 413.9
-3207.0 7170.4 281.1
-3211.2 7243.0 280.8
-3223.3 7181.8 279.5
-5302.4 7975.8 298.4
-5009.3 8219.2 291.9
-4256.0 8931.4 166.5
-4230.5 8912.9 167.1
-4260.2 8916.9 166.4
-4273.8 8882.0 166.2
-4291.2 8804.4 166.6
-4394.8 8763.7 167.6
-4494.3 9132.1 161.8
-4498.8 9130.5 161.8
-4503.7 9128.7 161.8
-4508.1 9127.1 161.7
-4512.5 9125.5 161.6
-4518.0 9123.5 161.6
-4523.2 9121.6 161.5
-4527.8 9120.0 161.4
-4922.3 9093.9 184.0
-4470.3 9053.4 163.5
-4474.3 9052.0 163.4
-4478.6 9050.6 163.4
-4541.9 9114.8 161.4
-4546.1 9113.3 161.5
-4548.8 9094.7 161.8
3356.5 8381.1 142.3
3346.3 8421.1 142.3
3524.4 7515.0 146.2
3238.7 7398.9 147.7
3288.8 7399.6 147.5
3100.5 7495.5 150.0
2924.1 7987.3 146.7
3038.2 8069.9 144.6
3024.9 8084.9 145.3
3111.7 8003.3 144.2
3115.1 8041.9 143.9
3137.6 8205.0 142.9
3137.6 8182.5 142.6
3320.8 8082.2 142.5
3316.7 8053.5 142.6
3283.0 8851.8 139.9
3154.0 8900.5 139.6
3239.9 8989.0 139.7
3178.1 8844.9 140.0
3026.9 8796.8 141.1
2890.1 8915.9 142.0
2793.0 8945.3 143.3
2737.2 8728.9 145.4
3510.9 8570.5 143.0
3462.2 8700.0 142.6
3648.0 8380.7 142.7
3716.9 8233.5 142.2
3847.3 8045.5 143.0
3725.6 7425.6 147.8
3400.0 7203.7 146.1
2963.2 7088.0 163.9
2836.5 6408.5 160.4
2505.2 6321.2 162.8
2486.2 6353.9 162.5
2477.0 6398.0 162.3
2451.8 6257.0 164.5
2557.3 6200.4 161.2
2492.0 5986.4 160.7
2379.9 6143.0 170.8
2379.3 6112.0 171.4
2407.2 6131.1 169.5
1757.3 6709.3 173.5
1459.3 7129.9 173.1
1466.5 7165.9 171.5
1543.1 7142.0 175.4
1521.5 7328.4 173.4
1565.1 7263.5 173.7
1540.9 7368.3 172.3
1504.8 7288.5 171.1
1365.6 7349.9 167.8
1496.3 7454.3 165.8
1405.7 7308.1 167.8
1386.3 7334.2 167.7
1514.8 7315.8 173.1
2363.0 6128.4 172.0
2407.6 6046.5 168.7
2326.5 6757.7 169.7
2436.0 6576.5 167.4
2416.4 6967.0 166.2
2102.5 8405.3 153.7
2146.7 8512.3 158.5
2282.8 8889.5 159.2
2105.3 8869.9 161.8
2072.8 8974.5 160.9
1998.7 8964.7 162.2
1876.0 8873.7 164.2
1155.0 8760.7 176.0
1038.6 8913.7 179.7
1437.6 8983.6 170.0
868.7 8925.6 183.5
848.4 8903.6 184.3
17.6 8975.4 169.7
1.6 8974.2 168.8
-140.3 9033.4 164.2
-93.8 8858.1 166.3
-136.4 8906.8 165.9
32.9 8822.9 171.4
-45.7 8840.1 167.7
-474.2 9039.7 179.1
-486.3 9010.9 178.6
-488.4 8981.2 178.5
-485.8 8898.2 179.8
-725.6 8746.8 165.9
-732.1 8780.7 165.3
-679.7 8568.8 169.9
-662.5 8512.5 171.8
-664.2 8495.0 173.3
-700.7 8612.2 168.7
-702.8 8635.4 168.6
-717.6 8698.3 166.8
-830.4 8555.4 169.9
-772.7 8566.8 167.0
-652.5 8525.1 172.3
-560.1 8421.2 186.1
-562.2 8576.6 181.6
-912.6 8582.1 173.5
-917.7 8551.5 175.3
-936.9 8524.9 177.6
-935.3 8496.0 178.1
-880.0 8464.7 174.6
-885.8 8492.7 174.6
-897.4 8544.1 174.1
-923.0 8343.7 180.7
-1101.0 8641.5 177.4
-1136.8 8007.2 191.3
-1165.3 8017.2 192.2
-960.5 7951.7 187.0
-994.4 8022.2 187.1
-1166.8 8006.4 192.3
-1222.0 8004.1 194.3
-1268.9 8000.3 196.0
-1297.2 8001.0 196.3
-1435.2 8078.0 197.0
-1537.1 7964.5 203.3
-1518.5 7826.9 203.7
-1618.4 7797.4 199.4
-1658.1 7925.8 193.1
-1670.2 7922.9 192.2
-1853.1 7959.3 199.4
-1839.2 7962.9 198.4
-1824.2 7943.3 197.0
-1845.5 7953.3 198.8
-1970.5 7971.3 202.1
-2074.2 8020.6 202.8
-2079.8 8003.5 203.6
-2152.5 7974.0 205.8
-2122.2 7974.2 205.4
-2206.8 7980.9 205.1
-2163.8 7974.9 205.9
-2190.2 7883.5 211.3
-2282.7 7903.5 208.0
-2299.3 7881.4 210.3
-2395.8 7943.1 203.6
-2349.1 8024.4 200.7
-2322.9 8011.3 201.8
-2392.4 8098.3 194.8
-2379.6 8112.2 194.7
-2480.2 8064.3 200.6
-2544.4 8170.5 203.4
-2661.1 8214.7 205.3
-2703.0 8121.7 209.7
-2784.7 8149.6 214.2
-2866.4 8183.4 218.9
-3043.2 8153.0 205.7
-3048.6 8136.1 205.1
-3139.6 8188.2 203.4
-3126.0 8207.9 202.6
-3148.4 8152.5 203.2
-3110.5 8137.9 203.5
-3098.6 8129.8 203.6
-3132.1 8129.3 203.8
-3112.3 7944.5 207.4
-3101.1 7886.4 209.7
-3069.0 7939.1 206.4
-3086.5 7823.6 212.3
-2069.7 8053.7 201.3
-2407.8 8077.9 196.5
-3118.2 7956.5 206.8
-3155.1 7964.6 207.5
-1912.8 6901.3 274.6
2960.6 4816.1 158.7
2946.5 4814.2 158.6
2934.9 4789.2 159.9
2912.3 4801.2 159.6
3157.0 8778.4 140.8
3039.1 8628.8 145.0
-733.4 -5582.4 269.5
-696.6 -5547.2 268.0
-4522.5 9056.9 162.3
-3832.6 4392.9 277.2
-3833.0 4381.0 277.8
-1182.1 4259.0 351.1
-1750.4 736.8 461.3
-4274.4 8707.3 167.3
-4282.9 8717.6 167.2
-4266.1 8761.2 167.4
2776.5 4864.0 159.4
2790.2 4861.1 159.5
-791.3 -5793.1 286.6
3461.8 7221.1 145.4
4765.7 5943.2 204.1
3226.8 5497.2 153.8
-5353.7 7651.8 288.5
-4703.9 8138.5 283.9
-4651.4 7784.8 292.1
-5598.6 8003.0 288.1
-4813.8 7674.4 287.8
2455.1 8709.6 156.0
-710.0 -5568.7 268.2
3190.7 6750.5 150.2
3369.0 6858.6 147.6
2842.3 4854.3 158.4
2842.7 4861.4 158.0
2843.5 4868.0 157.7
2844.1 4874.7 157.5
2844.7 4881.4 157.4
2849.7 4944.5 157.9
2849.0 4936.6 158.0
2848.2 4930.4 158.0
2847.6 4924.1 157.9
2847.4 4918.0 157.8
2847.2 4912.7 157.8
2845.2 4887.6 157.4
2845.4 4893.9 157.5
2845.8 4899.8 157.6
2845.8 4905.7 157.7
2838.2 5018.4 158.6
2679.3 4955.4 159.1
2679.2 4960.8 159.3
2679.1 4966.1 159.6
2677.5 4969.9 159.9
2675.4 4972.9 160.1
2901.6 4847.3 157.4
2903.4 4853.5 157.3
2906.1 4863.8 157.0
2908.6 4872.4 157.0
2910.9 4881.0 157.0
2912.6 4887.9 157.1
2914.4 4896.2 157.3
2916.2 4904.6 157.2
2916.9 4911.2 157.0
2918.1 4919.4 156.9
2917.1 4929.3 156.6
2897.4 4828.3 158.4
2895.8 4820.2 158.8
2893.9 4812.6 159.2
2891.3 4804.4 159.6
-6478.6 8572.9 281.5
-6587.3 8648.3 291.1
-3061.6 6605.0 281.2
3406.8 -7936.1 199.4
-3211.9 127.7 441.6
-3210.0 130.4 441.7
-3211.4 130.6 441.7
-3212.6 130.3 441.6
-3212.4 129.0 441.6
-3194.2 112.8 442.7
-3197.2 111.0 442.8
2030.9 2090.0 173.7
2039.8 2086.9 173.6
2039.1 2097.0 175.4
2038.3 2077.1 172.0
2046.9 2073.8 171.9
2057.0 2071.0 171.8
2066.9 2067.6 171.8
2049.0 2084.5 173.5
2059.7 2081.9 173.4
2047.7 2091.8 174.8
566.7 229.4 305.0
-4661.9 -6547.2 248.0
-1080.1 -5566.0 290.5
-6239.9 -5571.7 196.4
-6222.3 -5562.1 194.9
-6238.2 -5563.7 195.6
-6256.7 -5571.7 197.0
-5068.0 -5523.0 194.8
-5586.8 -5337.5 194.1
-5082.9 -5413.5 189.7
2434.3 8705.1 156.3
2500.2 8729.4 155.1
2529.4 8726.4 154.4
2982.4 8931.5 141.9
2875.2 8890.1 142.1
2840.0 8893.1 142.5
2804.8 8876.6 143.2
2788.4 8877.0 143.5
2613.3 8889.3 148.7
2922.1 8916.2 141.7
2928.7 8918.3 141.7
3310.0 8989.4 139.2
3324.7 9013.6 138.9
3314.3 9002.6 139.0
2533.8 8886.1 151.3
2540.6 8875.4 151.3
2517.9 8580.6 153.7
2543.1 8586.9 154.1
538.5 8632.2 186.5
1465.5 8480.6 169.0
1672.1 8486.8 166.6
2186.0 8547.0 157.9
516.6 6734.8 212.1
609.7 7033.3 208.3
645.2 7348.1 200.6
606.9 7642.7 195.6
568.0 8134.5 188.9
-233.9 6882.8 219.8
-952.1 6990.9 194.1
-899.4 6974.5 192.1
-879.9 6989.1 191.1
-631.9 6961.9 199.8
-929.9 8890.6 164.1
-896.6 8482.1 175.4
-887.3 9091.7 165.4
-922.8 9011.7 163.6
-945.9 8783.5 168.6
-957.0 8719.8 171.6
-946.9 8701.4 171.6
-947.6 8684.9 172.2
-956.8 8657.1 173.5
2900.2 2635.9 177.2
2870.4 2541.1 175.0
2869.1 2509.6 175.4
2743.6 2704.9 172.9
2784.8 2810.4 167.6
2549.1 2177.1 173.6
1045.1 5309.4 259.8
2645.4 8315.8 149.9
2641.8 8329.8 149.7
2698.7 6746.5 175.3
2739.2 7451.4 161.0
2766.3 7680.7 156.0
-990.8 -5698.3 281.7
-1000.1 -5687.5 281.7
-993.1 -5710.9 282.2
1333.3 5797.1 211.9
2474.4 5672.1 159.9
3177.2 4261.6 196.1
3183.3 4258.8 196.6
-3734.9 -6509.4 222.9
-4094.6 -6096.3 217.5
-3589.6 -6964.5 239.4
-3318.2 -4641.7 200.8
-3882.8 -4391.1 236.5
1736.1 -6458.6 342.3
5858.7 -6301.6 197.0
-2341.8 -5943.2 308.5
-3460.8 -6896.9 233.3
-3456.0 -6913.5 233.6
6654.4 -5829.2 188.5
6914.6 -6413.4 183.6
6925.1 -6416.8 183.7
6855.5 -6380.7 184.5
6891.5 -6400.6 183.8
6875.8 -6392.3 183.9
5710.0 5248.9 224.8
5719.8 5259.2 224.9
5874.9 5296.2 217.1
5871.2 5300.5 217.4
5485.9 5757.2 214.8
5217.7 5899.9 206.9
5203.8 5900.4 207.2
5227.0 5905.1 206.0
5264.2 5802.1 214.5
5277.2 5847.0 209.3
5272.7 5828.6 211.2
5288.4 5826.5 211.1
5324.5 5677.7 221.1
5351.4 5733.9 217.2
5336.2 5369.8 231.3
5340.1 5375.3 231.3
5344.5 5380.8 231.3
5184.2 5600.1 226.8
5172.7 5633.9 225.7
5203.6 5645.5 226.4
5188.2 5675.1 224.9
5196.2 5660.4 225.7
5177.9 5652.0 225.5
5161.0 5610.8 225.2
5259.3 5771.9 216.8
5225.5 5696.9 222.1
5243.3 5682.0 222.6
5297.2 5712.0 219.7
5311.2 5710.0 219.5
5317.4 5721.9 218.7
5348.5 5713.8 218.5
5375.8 5676.6 220.4
5466.2 5738.7 216.1
5409.9 5827.9 210.1
5467.3 5859.6 207.9
5488.2 5819.2 211.4
5509.9 5862.2 205.7
5465.8 5821.9 211.5
5467.1 5870.2 205.6
5411.2 5867.0 206.1
5450.7 5874.9 204.7
5498.8 5863.8 206.1
5471.2 5809.8 212.4
5465.4 5841.2 211.0
5508.6 5739.3 215.0
5502.2 5735.8 215.4
4748.6 6007.7 201.7
4792.7 5961.4 204.7
4773.1 5952.1 204.2
4729.9 6028.4 199.2
4977.2 5846.6 211.8
5175.9 5797.0 215.9
5192.0 5781.5 217.4
5198.4 5841.3 210.7
5239.5 5906.3 205.3
5434.9 5774.4 214.3
5503.1 5842.0 209.1
5406.7 5788.7 213.2
5375.8 5801.5 212.1
5149.4 -1712.1 352.7
5039.1 -1923.2 345.2
5043.3 -1917.2 346.1
5078.1 -1893.3 343.1
5074.4 -1865.7 342.8
4621.4 -1761.7 369.0
4656.5 -1749.7 366.4
4644.8 -1763.6 369.0
4623.2 -1799.0 371.2
4632.0 -1793.5 371.3
4637.4 -1778.1 370.8
4593.7 -1774.5 368.6
4664.2 -1804.7 371.1
4821.1 -1713.7 358.9
4607.6 -1818.1 371.4
4580.8 -1803.3 369.5
5029.3 -1854.1 344.5
5036.4 -1515.7 363.2
5029.9 -1424.7 365.0
5041.8 -1415.3 365.5
5050.6 -1471.0 365.7
5032.4 -1534.0 361.7
4999.4 -1486.6 362.5
5041.3 -1682.8 354.5
4864.1 -2107.2 341.5
4860.7 -1977.1 352.4
4856.9 -2007.3 350.6
4839.3 -1995.4 353.1
4883.6 -1962.8 351.3
4873.2 -1996.0 350.1
4870.4 -1987.3 350.9
4870.1 -1972.5 351.9
4901.6 -1917.5 352.0
4901.9 -1843.0 353.5
4838.9 -1856.6 358.1
4791.0 -1937.0 360.3
5063.9 -1767.0 348.0
5118.3 -1817.0 345.0
4771.9 -2207.5 347.1
4842.2 -1562.5 354.6
4878.5 -1570.6 354.9
5319.2 -1672.9 352.8
5264.3 -1754.6 348.9
5047.3 -1647.5 356.5
5066.1 -1673.3 355.2
4845.4 -1639.7 356.0
4826.3 -2133.7 341.7
4842.5 -2081.7 344.3
4814.4 -2079.1 345.3
4815.6 -2120.7 342.6
4824.0 -2011.9 352.8
4853.8 -2021.8 349.8
151.9 -8858.2 238.9
3297.0 -7807.8 197.9
5899.4 -6169.5 200.5
6232.9 -6197.6 197.3
6222.6 -6226.2 194.4
6221.8 -6209.1 196.2
6430.7 -6449.2 188.4
6466.4 -6572.4 205.1
6827.7 -6586.3 188.8
6901.5 1359.6 195.1
-201.9 -1395.1 182.8
-187.6 -1399.5 183.1
4109.9 -4041.4 282.0
4119.6 -4042.9 281.6
4129.2 -4043.9 281.2
3969.7 -4560.8 275.9
3989.4 -4593.4 274.7
4020.4 -4436.1 272.8
4042.3 -4454.8 271.2
4021.6 -4251.4 272.7
4272.5 -4564.3 268.8
4295.3 -4592.0 269.0
4285.1 -4564.0 267.5
-1249.4 -1147.3 191.9
-1246.3 -1145.6 191.6
-1244.2 -1143.5 191.4
-1241.4 -1142.5 191.3
-1237.8 -1137.1 190.1
-1242.1 -1137.5 190.1
-1245.9 -1140.2 190.4
-1248.7 -1142.9 190.7
-1218.6 -1149.1 193.3
-1223.8 -1147.0 192.7
-1220.9 -1147.8 193.0
-1223.4 -1143.2 191.8
-1219.4 -1142.1 191.7
-2264.1 -1761.1 185.5
-2258.9 -1781.8 184.1
-2252.7 -1776.1 184.0
-2260.8 -1787.9 184.0
1746.2 -6459.0 342.6
6143.6 -6245.2 191.7
6147.9 -6289.0 187.9
6137.4 -6271.5 189.1
6686.9 -6237.6 185.5
-6676.1 8550.8 294.4
-6023.7 3870.0 254.5
4207.6 -4520.9 267.2
4208.1 -4485.7 265.8
4201.3 -4506.0 266.5
3794.3 -4597.2 288.0
2516.1 3596.5 170.9
2506.2 3643.8 168.8
2481.6 3710.5 170.6
2491.6 3689.3 169.5
2539.2 3536.1 173.9
2519.3 3576.3 172.0
2560.5 3498.0 174.3
2549.5 3519.5 173.9
2572.4 3480.1 174.7
2549.6 3663.4 165.7
2544.6 3677.4 166.4
2526.8 3721.8 166.0
-4597.9 9106.9 163.3
-4572.9 9116.3 162.2
-4543.1 9127.7 161.1
-4536.4 9130.6 161.0
-4488.1 9112.5 162.4
-4488.7 9119.8 162.3
-4489.5 9129.1 162.0
-4551.4 9111.4 161.6
-4537.3 9116.5 161.3
-4637.1 9066.4 165.8
-4543.5 8930.1 166.7
-4546.6 8935.3 166.6
-4550.9 8942.7 166.3
-4554.5 8948.7 166.1
-4558.0 8954.8 165.9
-4561.3 8960.4 165.7
-4564.3 8965.5 165.5
-4567.3 8970.7 165.3
-4571.0 8977.1 165.1
-4629.6 9054.5 165.7
-4625.2 9047.5 165.6
-4619.4 9038.4 165.5
-4692.6 9021.4 169.9
-4603.2 9012.6 165.1
-4597.8 9004.0 165.0
-4608.7 9021.3 165.3
-4593.2 8996.6 165.1
-4583.8 8981.8 165.5
-4610.5 9004.4 165.4
-4613.9 9010.1 165.4
-4617.5 9016.2 165.4
-4620.7 9021.5 165.4
-4623.4 9026.1 165.5
-4648.2 9065.8 166.3
-4653.3 9076.1 166.5
-4663.0 9084.8 166.6
-4652.5 9088.3 166.0
-4386.1 8753.0 167.4
-4459.1 8822.8 167.7
-4467.1 8834.6 167.5
-4485.6 8860.9 167.6
-4483.6 8853.4 167.7
-4500.0 8873.8 167.9
-4725.1 9053.2 170.8
-4678.9 8974.9 171.9
-4662.0 8949.6 172.3
-4629.8 8921.6 171.9
-4582.1 8887.2 171.6
-4540.1 8815.0 174.7
-4676.3 9081.3 167.3
-4698.7 9076.5 168.5
-4345.0 8750.7 166.1
-4185.4 8501.6 171.6
-4150.4 8515.2 170.0
-4135.7 8500.5 170.2
-4145.3 8512.1 170.1
-4138.2 8511.0 170.2
-4139.7 8521.4 170.2
-4163.4 8538.1 169.9
-4263.2 8448.8 178.5
-4242.9 8461.0 176.6
-4234.5 8473.3 175.7
-4213.9 8487.4 173.7
-4373.5 8569.2 180.0
-4354.3 8553.3 179.4
-4347.2 8542.0 179.5
-4366.7 8556.9 180.1
-4362.6 8550.7 180.1
-4355.3 8539.3 180.1
-4683.8 8907.2 177.4
-4690.6 8917.6 177.0
-4698.6 8856.1 183.3
-4626.3 8888.5 174.0
-4772.8 8972.2 180.1
-4766.7 8969.5 179.7
-4707.5 9102.9 167.5
4155.5 -4388.2 266.0
4090.3 -4351.4 269.5
4145.7 -4610.3 274.6
4153.2 -4609.7 274.7
4172.6 -4562.6 270.3
4180.5 -4560.0 270.1
4152.6 -4526.2 268.3
-5816.9 9133.6 188.4
-5812.5 9124.2 186.8
-6950.2 6054.1 263.3
-6935.0 6018.3 267.4
-4395.6 7345.6 203.4
-4402.5 7377.4 200.7
-4366.2 7463.5 200.1
-4360.6 7471.6 200.1
-4031.9 8236.9 175.6
-4028.2 8254.3 175.3
-4064.7 8163.8 177.2
-4042.4 8209.2 176.6
-4047.0 8029.2 193.5
-4032.3 8059.5 194.6
-4056.6 8087.7 186.9
-4074.8 8032.7 184.6
-4073.6 8058.3 183.5
-4069.7 8074.0 184.3
-4055.9 8071.5 188.0
-4074.7 8023.1 185.5
-3841.6 8421.6 181.0
4099.2 -4401.0 268.9
4083.3 -4379.4 269.8
4103.0 -4389.1 268.8
4140.9 -4660.5 278.6
4126.1 -4670.3 278.8
4087.1 -4676.8 277.6
4091.5 -4697.8 279.3
4101.7 -4670.6 277.8
4281.0 -4551.1 267.1
4297.2 -4558.4 266.0
4267.0 -4529.7 266.8
4267.6 -4512.7 265.7
4259.0 -4520.5 266.5
4253.6 -4510.3 266.2
4063.9 -4271.1 270.0
4035.4 -4253.0 272.0
4181.8 -4213.2 269.0
4179.4 -4239.4 267.2
4176.0 -4231.1 267.8
4174.2 -4245.0 266.8
4164.8 -4274.3 265.7
4145.3 -4281.6 266.6
4179.9 -4269.0 264.9
4219.5 -4276.9 263.3
4195.3 -4268.0 264.6
4230.3 -4301.0 262.1
4236.1 -4307.2 261.4
4192.7 -4310.7 264.1
4229.0 -4315.6 261.6
5033.2 -1910.0 345.3
4786.8 -1888.0 362.4
4791.1 -1914.2 361.2
4801.2 -1917.4 360.0
4568.8 -2072.5 354.2
4629.9 -2029.3 359.6
4586.4 -2058.1 355.5
4854.0 -1793.7 356.9
4842.6 -1841.4 358.0
4850.3 -1830.7 357.5
4863.8 -1813.2 356.3
4853.1 -1703.7 357.9
4835.9 -1629.2 355.7
4895.5 -1565.9 355.3
4902.4 -1557.8 355.6
-4898.3 8251.7 286.8
-4893.9 8267.3 285.4
-4892.3 8282.8 283.8
-4952.8 8267.2 287.0
-4969.1 8359.2 278.7
-4915.9 8239.4 287.7
-5048.3 8192.9 295.3
-5032.6 8157.1 296.9
-5009.9 8183.1 293.4
-4985.4 8169.8 292.5
-4950.2 8207.5 290.0
2676.4 8264.9 150.6
2671.3 8263.2 150.8
2372.1 6709.5 169.6
2422.2 6705.8 168.6
2705.1 6819.5 174.2
1415.4 5853.2 206.9
1612.9 5781.1 193.7
1603.2 5783.2 194.3
1704.5 5752.5 189.1
1499.8 5687.4 209.1
1544.6 5725.7 203.2
1673.1 5596.1 199.2
1642.0 5597.2 202.3
1657.7 5597.3 200.6
1607.1 5598.0 206.1
1555.5 5608.5 210.5
1582.7 5602.2 208.6
1582.9 5661.7 204.7
1595.9 5636.2 204.9
1594.9 5643.0 204.6
1421.1 5615.4 217.1
1301.3 5621.8 219.1
1310.6 5621.7 218.9
-2006.8 7255.6 233.8
-2158.9 7341.0 232.6
-2180.3 7354.2 232.2
-2197.2 7368.9 231.5
-230.0 -5830.5 291.1
-241.8 -5828.1 291.6
-262.8 -5822.3 292.6
-276.5 -5818.8 293.3
-320.8 -5839.1 291.5
-229.7 -5861.9 294.3
-217.0 -5875.3 296.6
-111.6 -5885.0 296.2
-82.8 -5885.4 296.4
-100.8 -5849.5 290.7
-75.7 -5849.0 291.2
-47.1 -5850.7 292.4
-18.6 -5850.7 293.3
10.6 -5847.0 294.1
-2086.5 7298.9 233.3
-2053.9 7264.7 234.7
-2072.6 7272.9 234.9
-130.7 -5851.1 290.8
-155.0 -5845.5 290.1
-178.6 -5842.3 290.6
-783.2 -5516.5 267.5
-769.7 -5515.3 267.4
-242.6 -5870.7 295.9
-280.4 -5858.0 294.3
762.6 -5923.4 319.8
162.6 -5826.4 303.1
143.7 -5830.2 301.7
131.7 -5832.6 300.7
113.3 -5834.9 299.3
95.1 -5842.8 298.0
60.6 -5842.2 296.8
73.0 -5841.0 297.2
37.4 -5844.9 295.6
20.9 -5847.2 294.7
147.6 -5864.2 303.5
1286.9 5652.7 217.8
780.6 5758.7 223.3
781.1 5923.9 218.7
778.0 5918.1 218.9
786.1 5901.7 218.6
748.5 5856.4 220.2
740.9 5841.2 220.6
733.6 5826.7 221.4
734.9 5811.0 221.8
747.1 5933.7 219.9
755.4 5850.2 220.1
812.1 5984.2 216.4
811.7 5989.6 216.2
816.9 5992.6 216.1
741.0 5922.8 220.2
723.7 5914.6 220.6
673.3 5902.6 222.4
687.1 5896.6 222.0
705.2 5888.6 221.4
742.9 6057.9 213.2
627.3 5978.2 218.6
628.7 5983.0 218.3
671.6 6071.0 210.4
610.1 5818.2 228.8
601.3 5821.1 229.1
585.0 5826.0 229.5
593.2 5832.3 228.6
599.5 5859.8 225.9
579.8 5833.9 229.1
582.4 5841.3 228.3
585.0 5848.5 227.5
588.2 5857.0 226.5
596.1 5878.9 224.4
600.9 5892.1 223.3
572.9 5860.9 226.9
537.2 6051.9 208.2
455.7 6093.8 205.7
452.0 6114.5 205.5
456.7 6117.3 205.2
467.6 6145.0 204.1
464.3 6139.6 204.3
442.9 5934.7 214.6
437.2 5956.4 214.4
449.5 5968.1 212.5
472.0 5898.4 214.8
726.9 6415.2 195.6
723.8 6432.4 196.1
-298.5 6898.8 219.2
-14.7 6834.4 219.3
-1019.6 6991.6 196.1
-1006.7 6975.6 195.8
-1288.8 7091.5 209.8
-1291.4 7083.3 210.2
-1292.5 7076.4 210.4
-1294.1 7070.0 210.6
-1296.1 7062.1 210.8
-1297.8 7055.3 211.0
-1286.3 7100.5 209.5
-1281.6 7108.6 209.0
-1276.9 7115.8 208.5
-1267.3 7126.0 207.7
-1251.5 7121.5 206.5
-2058.1 7289.5 232.9
-2046.3 7286.0 232.6
-2012.5 7261.7 233.5
-1979.2 7255.0 233.0
-1943.8 7265.4 231.2
-1919.2 7262.2 230.4
-1453.3 7013.5 220.0
-2387.3 7539.0 218.0
-2381.3 7533.5 218.6
-2375.4 7528.0 219.2
-2370.2 7523.2 219.7
-2364.4 7517.9 220.3
-2290.0 7450.8 226.2
-2284.6 7446.1 226.4
-2267.0 7430.8 227.2
-2261.5 7425.9 227.6
-2642.6 7828.0 219.2
-2638.7 7820.7 219.2
-2736.7 7949.3 218.6
-2721.4 7936.2 218.5
-2742.8 7925.6 221.0
-2738.7 7921.6 221.0
-3146.4 8975.2 185.1
-3145.3 8967.2 185.1
-3138.8 8926.2 185.1
-3138.2 8918.4 185.0
-3125.7 9030.5 184.0
-3128.9 9022.7 184.4
-3129.6 9016.0 184.7
-3123.6 9000.5 185.2
-3125.1 8969.7 185.5
-3124.7 8960.5 185.6
-3124.9 8951.5 185.6
-3111.7 8962.1 186.2
-3110.7 8894.5 186.1
-3131.8 8874.5 185.6
-3131.2 8866.8 185.8
-3087.0 8529.3 196.9
-3085.7 8517.5 197.1
-3093.9 8377.8 198.3
1728.6 -6473.4 340.4
1430.3 5966.6 204.7
1346.7 5961.2 208.5
1347.5 5955.0 208.6
1304.0 5914.2 211.7
1309.1 5926.6 211.2
1322.1 5953.2 210.0
1328.5 5959.0 209.6
1331.0 5950.6 209.6
1331.1 5942.6 209.7
1365.2 5937.6 207.9
1356.6 5937.4 208.4
1348.1 5938.9 208.8
1339.9 5939.3 209.3
1186.5 5997.8 212.3
1186.4 6003.8 212.1
1197.9 5997.8 212.1
1206.9 5994.8 212.1
1216.5 5991.1 212.0
1224.8 5986.7 212.0
1233.7 5982.1 212.0
1242.0 5921.8 213.5
1252.0 5924.5 213.0
1260.6 5927.6 212.6
1270.6 5929.9 212.3
1280.2 5930.5 212.1
1192.4 5932.1 214.7
1202.3 5931.3 214.4
1212.0 5930.6 214.1
1221.3 5930.9 213.8
1231.6 5932.5 213.4
1241.8 5935.6 213.0
1250.6 5939.1 212.7
1259.6 5943.5 212.3
1268.6 5947.3 212.1
1274.5 5952.7 211.8
1275.3 5958.4 211.7
1271.6 5965.9 211.7
1263.8 5972.6 211.7
1295.2 5974.8 210.9
1289.6 5973.2 211.1
1276.2 5989.1 210.8
1285.7 5984.8 210.8
1290.6 5984.8 210.7
1292.8 5990.4 210.4
1292.1 6000.2 210.1
1302.6 6002.6 209.6
1305.2 5991.9 209.9
1307.0 5983.3 210.1
1310.1 5971.1 210.3
1316.8 5977.4 209.7
1322.0 5969.7 209.7
1255.6 5978.1 211.7
1247.8 5983.9 211.6
1239.3 5990.0 211.6
1260.6 6000.8 210.8
1268.3 5995.0 210.8
1232.6 5697.4 219.4
1218.0 5904.3 214.7
1215.7 5915.6 214.5
1204.0 5916.5 214.9
1192.1 5918.9 215.3
1179.6 5921.0 215.6
1156.8 5942.0 215.6
1129.9 5695.3 223.7
1001.8 6026.8 211.2
988.7 6046.0 210.8
996.7 6042.4 210.9
1007.9 6039.3 211.0
1017.0 6037.9 211.0
1027.2 6037.3 211.1
1037.2 6037.1 211.1
1051.6 6024.4 211.7
1063.4 6029.5 211.5
1074.3 6032.8 211.5
1086.2 6035.6 211.5
1098.0 6038.9 211.5
1049.3 5995.2 213.4
1055.7 6005.0 213.0
1066.3 6011.3 212.8
1077.4 6016.8 212.5
1090.0 6019.9 212.4
1100.5 6022.8 212.4
1112.1 6011.5 213.2
1116.7 6016.2 212.7
1139.6 6016.2 212.3
1164.1 6011.5 212.1
983.3 5986.5 213.2
950.5 5965.2 214.2
982.0 5980.3 213.5
977.1 5980.3 213.5
964.8 5980.3 213.5
969.9 5980.6 213.5
910.5 5970.3 214.5
932.9 5969.9 214.1
897.2 5983.9 214.5
901.5 5983.7 214.4
906.0 5983.4 214.2
909.6 5983.1 214.1
912.8 5983.0 214.0
930.1 5982.3 213.4
948.0 5981.4 213.5
861.7 5992.3 215.1
878.8 5988.0 214.8
950.3 5951.6 214.8
948.8 5941.9 215.3
948.1 5931.3 215.8
947.0 5921.7 216.2
946.5 5908.9 216.8
946.0 5902.5 217.0
945.2 5895.0 217.4
911.6 5897.5 217.2
912.1 5905.8 217.1
912.6 5912.0 217.0
914.0 5934.4 216.1
915.3 5945.2 215.5
790.9 5943.8 217.9
795.2 5951.8 217.6
729.4 5874.1 220.6
743.5 5867.7 220.3
946.4 6070.9 210.4
949.8 6065.5 210.4
953.5 6058.8 210.6
941.4 6072.7 210.3
938.1 6085.8 210.0
809.9 6262.0 197.4
819.3 6251.1 198.0
946.3 6126.7 207.2
694.1 6176.3 203.2
617.8 6342.0 195.7
1015.4 5999.1 212.7
901.5 6035.3 211.8
707.0 6167.6 204.3
-952.8 6968.6 194.5
-966.8 6971.0 194.9
-937.4 6945.0 194.4
-5560.6 4621.2 242.2
-5537.3 4235.9 252.3
-5571.4 4231.2 253.7
-5579.0 4386.9 244.3
-5556.6 3920.0 259.2
-5625.5 3828.4 250.7
-5565.2 3759.3 252.1
-5572.7 3806.0 252.3
-5752.4 3665.6 255.9
-5764.7 3702.5 254.6
-5617.1 3616.0 257.0
-1493.4 6959.6 223.9
-3848.6 8466.3 181.3
-3550.0 8242.9 207.2
-3557.6 8251.5 206.3
-3703.4 8238.1 195.7
-3702.8 8230.9 196.3
-3698.8 8221.5 197.2
-3709.0 8374.3 191.3
-3704.9 8368.6 191.5
-3710.5 8379.3 191.3
-3701.6 8364.8 191.7
-3909.8 8541.2 176.4
-3896.8 8534.0 177.0
-3932.7 8548.4 175.1
-3929.2 8546.3 175.3
-3961.3 8560.9 173.7
-3992.9 8569.7 172.2
-3992.9 8228.1 177.1
-3895.0 8259.5 181.4
-4032.2 8352.5 172.4
-3963.5 8322.6 174.6
-4185.4 8773.8 168.4
-4162.1 8761.5 168.7
-4161.9 8765.2 168.7
-4161.6 8769.1 168.7
-4167.8 8773.5 168.6
-4168.3 8766.1 168.6
-4168.6 8760.6 168.6
-4176.7 8713.4 168.6
-4193.3 8746.1 168.4
-4157.1 8722.0 168.8
-4163.0 8722.8 168.8
-4169.3 8723.7 168.7
-4175.3 8724.5 168.6
-4175.2 8908.3 168.3
-4254.5 9076.5 167.4
-4249.6 9064.0 167.6
-4246.2 9054.5 167.7
-4239.4 9051.1 167.9
-4259.0 9129.1 166.5
-4255.8 9120.2 166.9
-4252.0 9111.3 167.0
-4248.1 9102.0 167.2
-4244.3 9092.9 167.5
-4240.6 9082.5 167.7
-4236.9 9072.9 167.9
-4233.0 9064.0 168.1
-4220.5 9033.2 168.5
-4216.2 9022.2 168.6
-4210.6 9006.4 168.7
-5129.5 -880.4 274.1
-5117.9 -891.4 274.9
-5120.9 -864.8 276.3
-5064.6 -863.0 272.3
-5073.5 -847.9 273.6
-5090.7 -855.0 279.2
-5083.3 -844.0 275.4
-5111.1 -847.9 277.6
-5106.2 -840.7 276.6
-5100.3 -832.9 275.5
-5064.7 -868.7 272.1
-5062.0 -848.8 270.7
-5073.2 -870.7 274.0
-5077.3 -847.2 274.5
-5068.5 -848.1 272.3
-5127.2 -871.8 274.8
-5127.4 -928.5 269.0
-5091.7 -916.1 273.6
-4246.5 9133.3 167.1
-4237.1 9108.8 167.5
-5121.9 -869.7 275.7
-5090.4 -845.3 277.5
-5116.5 -865.5 276.9
-5061.4 -872.4 271.0
-6294.1 -7468.0 230.3
-6300.4 -7464.8 231.1
-6293.3 -7447.3 228.0
996.5 -6491.9 512.2
1001.8 -6490.0 512.1
1010.8 -6486.8 512.1
977.7 -6504.1 514.6
984.6 -6497.0 512.7
988.6 -6492.4 512.2
1005.6 -6488.7 512.1
1016.3 -6476.7 512.3
1016.1 -6486.5 511.6
1028.6 -6475.5 508.8
1026.8 -6480.5 509.3
-42.3 -2721.8 235.2
6805.1 1298.7 197.0
-2855.9 7967.0 221.0
-4280.8 7732.7 194.7
-4270.2 7745.4 194.9
-4262.0 7754.0 195.7
-4250.1 7765.0 199.0
-4061.6 8103.2 183.6
-4074.7 8038.2 183.7
-4051.2 8025.3 193.4
-4074.7 8028.1 185.0
-3923.7 8189.1 188.8
-3927.6 8176.8 189.9
-4009.4 8145.0 184.1
-4058.9 8184.3 176.9
-4068.2 8155.6 178.1
-4067.4 8167.3 176.9
-4050.0 8167.5 178.2
-4057.8 8176.4 177.2
-3990.2 8222.0 177.4
-4000.0 8231.7 176.7
-4069.6 8062.8 184.5
-4062.6 8053.9 186.4
-4057.5 8061.8 187.7
-4076.3 8073.4 182.6
-4057.5 8096.3 185.1
-4074.0 8134.2 179.8
-4112.5 7945.7 191.2
-4129.0 7867.5 191.6
-4086.5 7904.3 188.4
-4081.5 7902.8 188.4
-4081.1 7920.4 187.3
-4097.5 7895.2 189.9
-4092.7 7871.3 191.6
-4096.7 7903.3 189.1
-4100.7 7915.2 188.6
-4131.5 7766.9 199.5
-4128.6 7772.8 198.9
-4145.3 7767.8 196.3
-4145.0 7761.2 197.0
-4164.3 7757.5 193.9
-4008.4 8375.9 172.7
-4015.7 8363.0 172.8
-4003.0 8398.9 172.3
-3964.8 8387.2 173.4
-3988.7 8388.1 172.6
-4027.9 8373.1 172.6
-4027.4 8379.0 172.6
-4031.8 8386.0 172.5
-4031.3 8402.1 172.2
-4022.3 8397.8 172.3
-4031.4 8342.1 172.3
-4038.4 8343.1 172.2
-3983.0 8241.0 176.8
-3978.3 8327.6 174.0
-3974.5 8288.0 174.7
-3973.3 8348.1 173.8
-3982.8 8249.6 176.6
-3764.5 8194.6 196.7
-3764.0 8201.6 196.1
-3904.0 8300.5 177.7
-3926.7 8330.9 176.1
-3890.5 8323.3 178.1
-3883.3 8302.6 179.0
-3887.4 8348.4 177.9
-4042.5 8036.2 192.9
-4047.6 8177.0 177.8
-3094.2 6303.9 297.8
-4003.6 8375.0 172.7
-4030.5 8364.2 172.6
-4036.3 8052.7 193.6
-4039.5 8060.0 192.6
-4029.3 8068.3 194.8
-4016.0 8456.5 170.4
-4027.2 8440.4 171.0
-4027.7 8453.8 170.5
-3992.7 8461.5 170.3
-3986.6 8459.5 170.4
-3977.0 8462.9 170.9
-3962.6 8454.2 172.2
-3958.9 8446.4 172.6
-3956.7 8453.8 172.7
-3958.0 8472.1 172.6
-3977.3 8474.7 171.0
-3967.0 8461.8 171.8
-3998.3 8398.3 172.3
-3971.6 8385.5 173.1
-3948.3 8556.7 174.4
-3952.2 8575.9 174.6
-4009.0 8473.2 170.2
-5028.8 8145.3 297.9
-4943.5 8166.1 290.4
-4994.5 8157.5 293.9
-4965.6 8313.2 282.9
-4973.7 8293.0 285.4
-5042.4 8296.7 285.6
-5076.8 8234.0 292.6
-5084.4 8236.4 292.6
-5090.1 8235.1 292.8
-5180.0 8302.4 293.9
-5063.4 8180.6 297.2
-5059.3 8176.3 297.3
-5051.1 8169.4 297.1
-5040.0 8160.5 297.2
-5052.2 8165.8 297.7
-5045.2 8154.2 298.5
-4614.9 -4976.7 206.8
-4618.1 -4962.0 207.0
-4621.3 -4947.4 207.6
-4624.5 -4932.7 207.9
-4628.0 -4918.1 208.2
-4641.9 -4900.0 210.5
-4633.3 -4897.8 209.3
-4626.9 -4895.7 208.7
1559.3 -8638.3 213.9
1574.3 -8637.1 213.8
1589.2 -8635.9 213.7
1604.2 -8634.7 213.8
1619.1 -8633.5 214.1
1634.1 -8632.3 214.3
1649.1 -8631.1 214.4
1667.1 -8629.7 214.6
1554.8 -8620.2 217.9
1569.8 -8619.5 217.7
1584.8 -8618.7 217.7
1599.8 -8618.0 217.9
1614.8 -8617.2 218.2
1629.7 -8616.4 218.4
1644.7 -8615.7 218.6
1659.7 -8614.9 218.7
1687.3 -8613.5 218.6
-1603.9 7657.5 202.0
-1608.1 7671.9 201.5
-1612.4 7686.3 201.0
-1618.8 7707.9 200.2
-1577.7 7568.9 204.0
-1582.0 7583.3 203.6
-1586.2 7597.7 203.2
-1590.5 7612.1 202.8
-1598.5 7639.3 202.2
-1598.5 7639.3 202.2
-1603.9 7657.5 202.0
-1549.4 7374.2 209.0
-1543.6 7386.5 209.3
-1546.8 7401.1 208.6
-1550.1 7415.8 207.9
-1553.4 7430.4 207.3
-1556.6 7445.1 206.6
-1562.3 7470.4 205.4
-1562.3 7470.4 205.4
-1565.6 7485.0 205.0
-1568.8 7499.6 204.5
-1572.1 7514.3 204.1
-1573.7 7529.2 204.1
-1575.2 7544.1 204.0
-1577.7 7568.9 204.0
-5553.7 5016.9 231.4
-5550.0 5031.4 231.2
-5546.2 5046.0 231.1
-5542.5 5060.5 231.0
-5538.7 5075.0 230.8
-5535.0 5089.5 230.9
-5531.2 5104.1 232.3
-5527.5 5118.6 233.5
-5523.7 5133.1 234.8
-5519.7 5147.5 236.0
-5515.3 5161.9 237.3
-5510.9 5176.2 238.6
-5506.6 5190.6 240.0
-5502.2 5204.9 240.3
-5497.8 5219.3 238.8
-5493.5 5233.6 237.3
-5489.0 5248.0 235.8
-5483.0 5261.6 234.2
-5475.3 5274.5 233.1
-5467.4 5287.2 234.3
-5461.0 5300.8 234.7
-5456.0 5314.9 234.8
-5450.2 5328.7 234.5
-5443.5 5341.4 234.7
-5443.4 5356.4 233.8
-5443.1 5371.2 232.9
-5435.9 5398.8 231.7
4386.4 2963.9 212.0
4399.6 2956.7 211.3
4412.7 2949.4 210.6
4425.8 2942.1 209.9
4438.9 2934.9 209.2
4452.1 2927.6 208.6
4465.2 2920.4 207.9
4478.3 2913.1 207.2
4491.5 2905.9 206.5
4515.5 2892.6 205.3
-5558.7 5094.4 230.0
-5554.4 5108.7 230.5
-5550.0 5123.1 232.2
-5545.7 5137.4 234.0
-5541.3 5151.8 235.8
-5537.0 5166.1 237.6
-5532.6 5180.5 239.1
-5524.0 5209.0 240.2
-4734.5 7161.1 214.2
-4719.5 7160.0 213.1
-4704.6 7158.9 212.7
-4689.6 7157.8 212.0
-4674.7 7156.8 211.5
-4659.7 7155.6 210.4
-4644.8 7154.3 209.2
-4622.4 7152.5 207.3
1682.3 -6495.1 337.9
1671.9 -6484.3 339.3
1661.4 -6473.5 341.0
1651.0 -6462.7 342.7
1652.1 -6452.9 343.2
1672.6 -6437.4 342.6
-1102.2 -5727.0 301.7
-1090.7 -5736.6 300.7
-1079.3 -5746.3 299.6
-1067.8 -5756.0 298.5
-1063.6 -5770.4 299.4
-1059.2 -5785.4 301.5
-1089.7 -5690.9 295.0
-1076.9 -5698.7 294.6
-1064.1 -5706.6 293.1
-1051.5 -5714.7 291.3
-1040.8 -5725.2 289.8
-1034.7 -5737.8 290.1
-1033.4 -5752.8 291.6
-1031.5 -5775.2 294.3
-1226.1 -5675.2 318.8
-1212.0 -5680.3 316.6
-1198.2 -5686.2 314.7
-1184.5 -5692.2 312.9
-1170.8 -5698.3 311.1
-1157.2 -5704.7 309.4
-1144.4 -5712.5 308.1
-1128.8 -5721.9 306.9
-1211.6 -5702.7 322.4
-1209.3 -5687.8 317.8
-1205.8 -5673.3 313.5
-1201.3 -5659.0 309.0
-1196.9 -5644.7 304.5
-1192.4 -5630.3 300.0
-1188.0 -5616.0 296.3
-1180.6 -5592.1 295.8
-4634.9 -5165.1 193.1
-4623.3 -5155.6 193.5
-4611.7 -5146.1 194.7
-4600.1 -5136.6 195.8
-4589.6 -5125.8 195.1
-4579.2 -5115.1 194.8
-4568.8 -5104.3 195.3
-4558.4 -5093.5 195.5
-4547.5 -5083.2 195.1
-4536.3 -5073.2 194.6
-4524.5 -5063.9 194.6
-4512.5 -5055.0 194.1
-4500.4 -5046.0 194.0
-4488.4 -5037.1 194.0
-4468.3 -5020.7 194.0
-4458.8 -5014.9 193.8
-4446.5 -5006.3 193.9
-4434.3 -4997.6 193.9
-4422.1 -4988.9 193.7
-4409.8 -4980.3 193.4
-4388.4 -4965.1 193.1
-4786.2 -5243.7 192.1
-4772.5 -5237.7 192.6
-4758.8 -5231.6 192.9
-4745.0 -5225.6 193.8
-4731.3 -5219.5 193.5
-4717.6 -5213.5 193.7
-4703.9 -5207.4 194.1
-4690.7 -5200.2 194.5
-4677.5 -5193.0 193.9
-4664.3 -5185.9 193.2
-4651.6 -5178.0 192.9
-4634.9 -5165.1 193.1
-4639.5 -4963.3 209.8
-4643.0 -4948.7 210.6
-4646.6 -4934.2 211.3
-4650.1 -4919.6 212.0
-4653.7 -4905.0 212.7
-4658.6 -4890.9 213.6
-4663.9 -4876.8 214.7
-4669.2 -4862.8 215.7
-4677.7 -4840.3 217.5
-4951.6 -5311.8 188.7
-4927.9 -5308.2 188.9
-3616.6 -4116.9 284.4
-3604.1 -4125.1 284.3
-3591.5 -4133.3 284.2
-3579.0 -4141.5 284.1
-3566.4 -4149.7 284.0
-3553.8 -4157.9 284.3
-3541.3 -4166.0 284.6
-3525.4 -4176.4 284.4
-3573.3 -4256.6 284.6
-3565.6 -4243.7 284.6
-3557.9 -4230.8 284.6
-3550.3 -4217.9 284.5
-3542.6 -4205.1 284.5
-3534.9 -4192.2 284.4
-3527.2 -4179.3 284.4
-3520.7 -4165.8 284.4
-3514.5 -4152.1 284.3
-3507.3 -4135.9 284.1
-3854.1 -5072.8 193.7
-3840.0 -5077.9 194.3
-3825.9 -5082.9 194.6
-3811.7 -5088.0 194.9
-3797.6 -5093.0 195.3
-3783.5 -5098.1 195.4
-3769.4 -5103.1 194.9
-3746.9 -5111.2 194.1
-3943.2 -5057.4 195.8
-3928.8 -5061.4 195.5
-3914.3 -5065.5 195.4
-3899.9 -5069.5 195.3
-3885.4 -5073.5 195.3
-3871.0 -5077.6 195.3
-3855.0 -5082.0 195.1
-3847.9 -4883.8 211.7
-3840.4 -4870.8 213.7
-3833.0 -4857.8 215.6
-3825.5 -4844.7 217.1
-3818.1 -4831.7 218.6
-3810.6 -4818.7 219.6
-3803.2 -4805.7 219.9
-3795.7 -4792.7 220.2
-3788.3 -4779.6 220.1
-3778.6 -4775.3 218.7
-3754.9 -4789.6 213.0
-4051.8 -4854.8 204.6
-4038.2 -4861.1 204.5
-4024.6 -4867.4 204.6
-4011.0 -4873.7 204.7
-3997.4 -4880.0 205.0
-3983.8 -4886.3 204.9
-3970.2 -4892.7 204.5
-3957.0 -4899.5 203.8
-3943.8 -4913.0 201.8
-4356.9 -5007.2 190.0
-4343.2 -5001.3 190.0
-4329.4 -4995.3 190.0
-4315.6 -4989.4 190.2
-4300.9 -4986.6 190.5
-4286.1 -4984.2 190.8
-4257.7 -4979.8 191.2
-5355.5 -5271.8 190.0
-5352.0 -5257.2 190.3
-5348.5 -5242.6 190.4
-5343.2 -5220.6 191.1
-701.6 -5337.3 295.7
-686.8 -5339.8 298.7
-672.0 -5342.2 301.8
-657.3 -5344.7 304.8
-642.5 -5347.2 307.8
-620.6 -5350.9 312.2
251.6 -8952.5 243.3
245.1 -8939.0 243.2
238.6 -8925.5 243.1
232.1 -8911.9 243.0
225.6 -8898.4 243.0
220.0 -8884.5 242.5
214.3 -8870.6 245.4
208.6 -8856.7 249.0
203.6 -8842.7 251.6
199.8 -8828.1 254.5
196.1 -8813.6 257.4
193.0 -8798.9 258.8
190.2 -8784.2 257.7
187.3 -8769.5 256.6
184.4 -8754.7 255.5
181.7 -8740.0 254.5
178.1 -8711.0 254.1
264.1 -8963.5 245.5
262.5 -8948.6 246.8
260.9 -8933.6 248.3
259.3 -8918.7 249.9
257.7 -8903.8 251.6
256.1 -8888.9 253.3
254.5 -8874.0 255.1
252.8 -8859.1 257.1
251.2 -8844.2 259.9
249.6 -8829.2 262.9
248.6 -8814.3 266.5
247.6 -8799.3 270.0
246.6 -8784.3 273.5
246.2 -8769.4 273.7
246.5 -8754.4 273.5
248.6 -8739.6 274.8
252.5 -8719.7 278.8
196.5 -8982.3 233.5
189.6 -8969.0 229.4
182.7 -8955.6 225.2
175.8 -8942.3 226.3
168.9 -8929.0 227.9
162.0 -8915.7 229.6
155.1 -8902.4 230.9
148.2 -8889.0 231.3
141.7 -8875.5 231.2
135.3 -8862.0 234.4
129.0 -8848.4 237.1
121.2 -8831.6 238.5
1307.9 -8747.6 222.9
1334.2 -8750.1 220.0
1390.9 -8718.9 204.1
1405.9 -8719.3 203.7
1420.9 -8719.7 204.4
1435.9 -8720.2 205.0
1450.9 -8720.6 205.4
1465.9 -8721.0 206.2
1480.9 -8721.4 206.9
1500.3 -8722.0 207.8
3203.8 8963.3 140.2
3218.7 8964.7 140.3
3233.7 8966.2 140.5
3248.6 8967.6 140.3
3263.1 8971.4 140.1
3276.6 8977.6 139.7
3293.6 8987.8 139.2
3045.6 8929.6 140.7
3060.2 8933.0 140.6
3074.8 8936.5 140.4
3089.4 8940.0 140.3
3104.0 8943.4 140.1
3118.6 8946.9 139.8
3133.4 8949.1 139.4
3153.5 8951.9 139.4
3047.1 8935.4 141.3
3061.7 8938.9 141.1
3076.2 8942.4 140.8
3090.8 8945.8 140.5
3105.4 8949.3 140.1
3120.0 8952.8 139.7
3134.9 8955.0 139.3
3155.0 8957.8 139.3
2902.6 8896.8 141.8
2917.1 8900.7 141.6
2931.6 8904.5 141.6
2946.2 8908.3 141.7
2960.7 8912.1 141.8
2975.2 8915.9 141.9
2997.9 8921.9 141.7
1849.4 8528.4 163.1
1834.6 8526.1 163.4
1819.8 8523.8 163.6
1804.3 8521.4 163.9
381.4 6730.8 216.0
366.7 6734.1 216.3
352.1 6737.4 216.7
337.5 6740.7 216.9
322.8 6744.0 217.0
308.2 6747.3 217.2
293.6 6750.6 217.4
278.9 6753.9 217.6
264.3 6757.2 217.8
249.7 6760.5 217.9
235.0 6763.8 218.1
220.4 6767.1 218.2
205.8 6770.4 218.0
191.1 6773.7 217.8
176.5 6777.0 217.7
161.8 6780.3 217.3
147.2 6783.6 217.0
132.6 6786.9 216.9
117.9 6790.2 216.9
93.6 6795.6 216.8
-934.2 8803.9 167.2
-932.3 8818.8 166.6
-930.5 8833.7 166.0
-928.1 8853.1 165.1
6296.2 -6732.3 233.1
6301.8 -6718.4 231.9
6307.4 -6704.5 230.6
6313.0 -6690.5 229.2
6318.6 -6676.6 227.0
6324.2 -6662.7 224.7
6329.8 -6648.8 222.5
6335.5 -6634.9 220.0
6341.1 -6621.0 216.8
6346.7 -6607.1 213.5
6352.3 -6593.2 210.4
6357.9 -6579.3 208.1
6363.5 -6565.3 206.0
6369.1 -6551.4 204.1
6375.9 -6534.7 201.7
6291.2 -6385.4 185.0
6305.8 -6382.0 185.2
6320.4 -6378.7 185.5
6335.1 -6375.3 185.7
6363.6 -6368.7 186.2
6293.8 -6392.1 184.9
6308.4 -6388.6 185.1
6322.9 -6385.0 185.3
6337.5 -6381.5 185.5
6364.9 -6374.8 186.0
6775.4 -5836.6 197.5
6776.1 -5827.0 198.4
6776.1 -5817.0 199.3
6776.3 -5806.6 200.1
6776.3 -5796.7 201.0
6300.9 -6132.8 202.4
6296.1 -6115.2 204.0
6292.0 -6096.6 205.7
6290.6 -6089.2 206.3
6287.3 -6067.6 208.2
6292.3 -6075.6 207.4
6295.3 -6097.9 205.5
6300.3 -6115.5 203.9
6304.2 -6132.0 202.4
6289.6 -6052.3 209.7
6287.8 -6037.4 211.2
6286.0 -6022.5 213.0
6283.6 -6002.3 215.6
6282.3 -6029.8 212.1
6280.3 -6010.5 214.7
6279.5 -6002.5 215.6
6629.9 -5857.4 187.5
6630.1 -5844.8 187.7
6626.8 -5837.4 187.8
6619.3 -5830.4 187.8
6528.3 -5903.2 194.6
6567.4 -5901.9 190.0
6527.2 -6244.1 186.1
6528.9 -6239.7 186.1
6529.9 -6235.8 186.0
6530.7 -6229.9 186.0
6530.5 -6227.3 185.9
6518.0 -6217.8 186.1
6520.6 -6218.4 186.0
6523.4 -6219.5 186.0
6525.3 -6221.3 186.0
6408.5 -5998.5 208.7
6407.3 -5983.6 209.6
6406.1 -5968.6 210.4
6404.9 -5953.7 211.7
6403.7 -5938.7 212.8
6402.5 -5923.8 214.4
6401.4 -5908.8 215.8
6399.7 -5887.8 216.0
6384.8 -5930.9 215.7
6383.3 -5916.0 217.1
6381.9 -5901.0 218.2
6380.4 -5886.1 218.3
6378.9 -5871.2 218.5
6377.5 -5856.2 218.8
6460.0 -5889.5 205.1
6457.7 -5874.7 205.4
6455.5 -5859.9 205.7
6453.2 -5845.1 205.9
6450.9 -5830.2 205.9
6448.7 -5815.4 206.1
6444.7 -5789.1 206.6
-3341.5 -6634.9 252.6
-3328.4 -6627.6 254.6
-3315.4 -6620.2 257.4
-3302.3 -6612.8 260.2
-3289.2 -6605.5 263.0
-3276.8 -6597.1 265.7
-3264.9 -6588.0 268.3
-3253.0 -6578.8 270.9
-3239.0 -6568.0 274.2
-3290.8 -7020.4 239.8
-3280.4 -7031.2 240.1
-3270.0 -7042.1 240.1
-3259.7 -7052.9 240.0
-3249.3 -7063.7 239.9
-3238.9 -7074.6 239.8
-3228.5 -7085.4 239.6
-3218.2 -7096.2 239.6
-3207.8 -7107.1 239.6
-3197.4 -7117.9 239.7
-3187.8 -7129.4 240.0
-3178.3 -7141.0 242.0
-3168.8 -7152.6 244.5
-3159.3 -7164.3 246.9
-3149.8 -7175.9 248.6
-3140.3 -7187.5 250.0
-3130.8 -7199.1 250.4
-3121.3 -7210.7 251.5
-3111.9 -7222.3 253.3
-3096.7 -7240.9 256.2
-3381.3 -7197.4 240.9
-3387.3 -7183.7 240.3
-3386.1 -7171.6 239.7
-3374.6 -7162.0 239.3
-3363.0 -7152.4 238.9
-3354.8 -7158.4 238.9
-3348.2 -7171.9 239.0
-3341.6 -7185.3 239.1
-3330.7 -7207.7 240.5
-3375.0 -7229.2 244.0
-3369.1 -7243.0 246.3
-3363.3 -7256.9 248.5
-3352.3 -7282.7 254.0
-3210.1 -7417.4 256.7
-3199.3 -7407.1 254.8
-3188.5 -7396.7 252.8
-3177.6 -7386.3 250.8
-3166.8 -7375.9 248.8
-3156.0 -7365.5 246.8
-3145.1 -7355.2 247.6
-3134.3 -7344.8 248.9
-3116.1 -7327.4 251.2
-3139.9 -7374.4 249.5
-3129.3 -7363.7 250.0
-3118.7 -7353.1 251.3
-3102.0 -7336.4 253.4
2607.0 2562.6 170.3
2612.3 2577.6 170.5
6459.8 783.0 224.7
6472.5 775.1 224.4
6485.3 767.1 223.9
6498.0 759.2 223.1
6517.3 747.2 222.1
-2424.6 -6706.5 285.6
-2427.7 -6691.8 285.7
-2432.5 -6677.8 286.2
-2440.3 -6664.9 286.3
-2448.0 -6652.1 286.3
-2455.7 -6639.2 286.2
-2463.5 -6626.4 286.2
-2471.2 -6613.5 286.1
-2483.3 -6593.6 285.6
2883.3 -3408.1 294.2
2897.7 -3412.3 294.0
2912.1 -3416.5 293.8
2926.5 -3420.7 293.6
2940.9 -3425.0 293.3
2954.7 -3430.8 292.8
2968.0 -3437.7 292.0
2981.3 -3444.6 291.3
2994.6 -3451.5 290.8
3007.9 -3458.4 290.6
3021.2 -3465.3 290.3
3034.6 -3472.2 290.4
3047.9 -3479.2 289.2
3061.8 -3484.4 288.2
3076.5 -3487.1 287.6
3091.3 -3489.9 287.1
3106.0 -3492.6 286.5
3120.9 -3492.2 286.2
3147.8 -3489.5 286.7
2855.4 -3450.5 295.3
2870.1 -3453.7 295.1
2884.7 -3456.9 294.8
2899.4 -3460.2 294.5
2914.0 -3463.4 294.3
2928.7 -3466.6 294.0
2943.1 -3470.6 293.9
2957.2 -3475.8 293.8
2971.3 -3480.9 292.7
2985.4 -3486.1 291.6
2999.4 -3491.3 290.5
3013.5 -3496.4 289.4
3027.4 -3502.1 288.2
3040.7 -3509.0 287.0
3054.0 -3516.0 285.8
3067.2 -3523.0 284.9
3081.5 -3525.9 284.3
3096.5 -3525.5 284.0
3123.9 -3515.8 284.2
4103.0 -3998.7 280.3
4107.3 -3990.2 279.3
4139.3 -3995.0 278.0
4184.3 -4047.7 279.2
4182.1 -4049.1 279.2
4151.1 -4045.2 280.2
4142.5 -4041.8 280.6
3419.6 -3922.0 264.1
3447.7 -3926.1 264.0
3469.0 -3917.9 265.2
3481.6 -3909.7 266.2
3494.2 -3901.6 267.3
3506.8 -3893.4 268.3
3519.4 -3885.2 269.2
3532.0 -3877.1 269.6
3544.6 -3868.9 270.2
3557.1 -3860.8 270.8
3569.7 -3852.6 271.4
3582.3 -3844.4 272.0
3594.9 -3836.3 272.6
3607.5 -3828.1 273.2
3620.1 -3820.0 273.6
3630.1 -3808.9 271.1
3639.7 -3797.4 267.7
3648.9 -3785.6 266.7
3657.2 -3773.1 267.0
3665.5 -3760.6 269.1
3673.8 -3748.1 270.0
3682.1 -3735.6 268.4
3690.4 -3723.1 266.3
3698.7 -3710.6 265.6
3709.1 -3700.0 265.3
3720.8 -3690.6 263.8
3732.5 -3681.2 261.9
3744.1 -3671.8 260.5
3758.4 -3669.2 259.9
3773.2 -3671.3 259.9
3788.0 -3673.5 259.9
3790.3 -3684.1 261.1
3775.7 -3687.4 261.8
3750.2 -3692.4 263.0
3815.4 -3843.9 279.7
3827.4 -3853.0 280.7
3839.4 -3862.0 280.5
3851.3 -3871.1 280.3
3873.7 -3888.0 279.4
3893.9 -3903.5 279.7
3905.8 -3912.6 280.0
3917.8 -3921.7 280.2
3933.6 -3933.8 280.2
3920.6 -3970.8 287.2
3945.1 -3991.5 289.0
3969.3 -3539.2 255.4
3973.4 -3524.8 255.7
3977.5 -3510.3 255.9
3981.6 -3495.9 256.2
3987.6 -3482.2 256.7
3993.8 -3468.6 257.5
4000.0 -3454.9 259.1
4007.0 -3441.7 260.9
4015.7 -3429.5 262.6
4024.5 -3417.3 264.3
4033.3 -3405.2 266.6
4042.5 -3393.4 269.2
4053.9 -3383.6 271.1
4065.2 -3373.8 273.1
4083.6 -3358.0 278.1
4287.0 -4336.7 258.6
4309.9 -4360.1 257.5
4341.8 -4391.3 256.6
4352.3 -4402.0 256.5
4362.8 -4412.7 256.4
4373.3 -4423.5 256.5
4383.7 -4434.2 256.5
4394.2 -4444.9 256.3
4404.7 -4455.6 255.7
4415.2 -4466.4 254.5
4425.7 -4477.1 253.3
4436.2 -4487.8 252.2
4453.0 -4505.0 250.1
4363.2 -4308.2 263.5
4373.8 -4318.7 261.9
4384.5 -4329.3 261.1
4395.1 -4339.9 260.5
4405.8 -4350.4 260.6
4416.5 -4361.0 260.8
4426.4 -4372.2 260.9
4436.0 -4383.7 260.9
4437.0 -4397.4 260.0
4445.1 -4408.2 260.0
4456.8 -4417.6 260.3
4468.4 -4427.1 260.2
4480.1 -4436.5 259.5
4491.7 -4445.9 259.3
4503.4 -4455.4 259.1
4515.1 -4464.8 258.3
4526.7 -4474.3 258.0
4538.4 -4483.7 257.6
4550.0 -4493.1 257.1
4569.2 -4508.7 257.2
4587.0 -4518.0 257.4
4600.2 -4525.1 257.3
4613.4 -4532.2 257.1
4626.6 -4539.3 257.2
4639.8 -4546.4 257.2
4653.0 -4553.5 257.0
4663.7 -4552.3 257.7
4670.7 -4539.1 259.7
4677.8 -4525.8 261.8
4696.7 -4535.7 262.3
4535.5 -4590.8 247.9
4548.1 -4598.9 247.5
4560.7 -4607.0 247.4
4573.4 -4615.0 247.4
4586.0 -4623.1 247.4
4599.1 -4630.2 246.8
4613.4 -4634.8 246.2
4627.7 -4639.4 246.1
4641.9 -4644.1 245.6
4656.2 -4648.7 244.9
4670.6 -4653.0 244.4
4685.0 -4657.1 244.0
4699.4 -4661.1 243.4
4713.5 -4666.1 242.9
4726.4 -4673.9 242.4
4884.4 -5165.3 259.7
4875.8 -5153.0 260.7
4867.2 -5140.7 261.5
4858.6 -5128.4 261.6
4862.3 -5127.3 261.3
4875.6 -5133.9 260.6
4890.2 -5137.2 259.3
4904.9 -5140.4 257.6
4911.5 -5158.5 256.7
6761.3 -6391.2 182.1
6765.5 -6376.4 182.2
6768.3 -6361.3 182.3
6769.8 -6354.4 182.3
6766.9 -6349.4 182.3
6764.1 -6347.6 182.2
6754.7 -6341.7 182.2
6738.1 -6336.4 182.0
-4402.3 7390.2 202.2
-4414.8 7395.6 204.4
-4411.8 7410.3 204.8
-4407.7 7424.7 204.7
-4401.7 7438.4 204.5
-4392.4 7459.3 204.6
-4344.1 7509.8 199.4
-4338.1 7523.5 201.3
-4332.1 7537.3 202.1
-4326.2 7551.0 200.9
-4321.9 7565.3 201.9
-4318.9 7580.0 202.1
-4316.6 7594.9 202.5
-4314.2 7609.7 200.0
-4311.9 7624.5 198.6
-4301.5 7648.0 196.5
-3664.3 8205.5 200.5
-3654.2 8199.7 201.5
-3643.5 8196.6 202.4
-3627.4 8197.0 203.5
-3614.2 8201.0 204.1
-3599.4 8207.1 204.8
-3587.1 8224.7 204.7
-3577.7 8244.2 204.9
-3556.6 8294.6 206.2
-3541.9 8317.0 207.6
-3524.5 8332.4 209.2
-3509.9 8339.9 210.4
-3495.6 8344.6 211.6
-3487.0 8345.4 212.3
4193.3 -4038.0 279.1
4192.3 -4028.4 279.0
4192.4 -4022.2 278.7
4196.0 -4012.9 278.1
4197.5 -4003.6 276.7
4197.6 -3998.8 276.0
4195.9 -3996.8 275.7
4193.7 -3995.7 275.6
4091.8 -4031.0 282.6
4086.7 -4007.8 281.9
4084.5 -4001.3 281.3
4079.8 -3994.3 280.8
4074.9 -3991.4 280.7
4593.8 -2113.0 351.6
4604.8 -2102.8 351.3
4615.8 -2092.6 351.9
4626.8 -2082.5 353.3
4637.8 -2072.3 354.6
4648.8 -2062.1 355.8
4660.6 -2052.9 355.9
4672.3 -2043.5 356.1
4683.0 -2033.0 356.5
4693.8 -2022.5 357.8
4709.6 -2007.2 359.9
4679.3 -1986.6 364.4
4692.6 -1979.7 364.2
4706.0 -1972.9 364.0
4719.4 -1966.1 363.8
4727.7 -1977.8 362.0
4739.4 -1969.6 361.9
4751.3 -1960.4 361.9
4763.2 -1951.3 361.8
4765.1 -1941.0 362.5
4755.6 -1929.4 364.0
4744.6 -1920.9 365.4
4729.7 -1921.6 366.5
4718.7 -1931.4 366.7
4708.1 -1942.0 366.7
4693.7 -1951.7 367.1
4803.2 -1681.6 358.2
4802.2 -1666.7 357.6
4801.3 -1651.7 356.9
4800.4 -1636.7 356.1
4799.5 -1621.7 355.2
4802.8 -1609.5 354.6
4823.9 -1601.4 354.3
6138.2 -4271.8 295.0
6153.1 -4269.8 297.0
6167.9 -4267.8 298.8
6182.8 -4265.8 300.5
6197.7 -4263.8 302.1
6212.6 -4261.9 304.3
6229.3 -4259.6 307.0
6162.1 -4243.3 296.6
6177.1 -4242.8 298.9
6192.1 -4242.2 301.3
6207.1 -4241.6 303.6
6232.0 -4240.6 307.7
-2364.6 -1835.0 189.4
-2358.2 -1821.4 188.5
-2351.8 -1807.9 188.5
-2345.3 -1794.3 188.4
-2338.9 -1780.8 188.6
-2332.4 -1767.2 188.5
-2326.3 -1753.6 190.1
-2323.3 -1738.9 190.6
-2320.3 -1724.2 191.0
-2315.6 -1701.1 191.7
-2375.4 -1856.7 190.8
-2370.1 -1848.5 190.4
-2326.8 -1873.0 185.5
-4911.8 8305.0 282.7
-4888.0 8299.9 281.4
-4912.0 8205.8 289.2
-4902.1 8225.8 288.5
2657.2 8260.6 151.1
2662.7 8246.6 151.5
2668.1 8232.6 151.9
2673.5 8218.6 152.1
2678.7 8204.5 152.1
2683.7 8190.4 152.1
2691.6 8168.0 152.1
-3280.2 -4525.2 196.8
-3267.2 -4532.7 195.0
-3254.2 -4540.3 193.2
-3241.3 -4547.8 191.5
-3228.3 -4555.4 190.0
-3215.8 -4563.7 188.5
-3201.4 -4565.3 188.1
-3187.8 -4571.7 187.8
-3174.0 -4577.4 187.9
-3159.7 -4582.1 187.9
-3145.5 -4586.8 188.0
-3131.7 -4592.7 188.2
-3118.0 -4598.8 188.5
-3104.6 -4597.8 188.3
-3091.5 -4590.5 188.8
-3080.5 -4581.4 189.4
-3076.5 -4567.0 189.9
-3074.9 -4552.1 189.7
-3073.3 -4537.2 188.8
-3073.3 -4522.2 188.0
-3074.2 -4507.2 187.2
-3074.3 -4492.3 187.4
-3067.9 -4478.9 187.2
-3053.7 -4474.2 188.2
-3039.8 -4468.7 191.5
-3029.7 -4458.3 194.7
-3026.3 -4442.2 197.5
-3297.3 -4513.3 199.5
-3282.3 -4514.4 198.5
-3268.0 -4517.6 197.3
-3255.0 -4525.1 195.5
-3242.1 -4532.7 193.9
-3229.2 -4540.4 192.3
-3216.4 -4548.1 190.8
-3203.0 -4554.8 189.6
-3188.8 -4559.7 188.3
-3174.9 -4565.3 187.7
-3161.1 -4571.1 187.3
-3146.8 -4575.6 187.4
-3132.5 -4580.1 187.6
-3118.2 -4584.6 187.8
-3096.6 -4590.8 188.6
-359.7 -5843.3 293.1
-373.3 -5837.0 292.4
-386.9 -5830.7 291.8
-400.5 -5824.4 291.1
-414.1 -5818.1 289.9
-427.7 -5811.8 288.7
-441.4 -5805.5 287.5
-455.0 -5799.2 286.3
-468.6 -5792.9 285.0
-482.2 -5786.6 283.5
-495.8 -5780.3 282.3
-509.4 -5774.0 281.1
-523.2 -5769.8 280.2
-533.7 -5775.0 280.0
-525.2 -5787.4 281.2
-516.7 -5799.7 283.1
-508.2 -5812.1 285.1
-499.7 -5824.5 287.2
-491.2 -5836.8 288.8
-482.7 -5849.2 290.0
-471.3 -5861.3 291.6
-563.4 -5760.3 277.7
-546.8 -5776.9 279.5
-535.2 -5772.8 279.9
-532.8 -5714.9 275.7
-520.6 -5723.6 276.8
-508.3 -5732.3 277.9
-496.1 -5740.9 279.0
-483.9 -5749.6 280.1
-471.6 -5758.3 281.4
-459.4 -5766.9 282.7
-447.1 -5775.6 284.1
-434.9 -5784.3 285.5
-417.4 -5796.7 287.4
4503.2 -5492.2 313.4
4512.5 -5480.5 311.4
4521.8 -5468.7 309.3
4531.1 -5457.0 307.3
4540.4 -5445.2 305.4
4549.7 -5433.4 303.7
4559.1 -5421.7 301.9
4568.4 -5409.9 300.1
4577.7 -5398.2 298.4
4587.0 -5386.4 296.6
4596.3 -5374.6 294.9
4613.3 -5353.2 292.1
-3672.2 -6759.5 231.6
-3664.0 -6772.0 232.1
-3655.8 -6784.6 232.6
-3647.6 -6797.1 233.1
-3639.4 -6809.7 233.7
-3631.1 -6822.2 234.5
-3622.9 -6834.8 234.9
-3614.7 -6847.3 234.7
-3606.5 -6859.8 234.6
-3598.3 -6872.4 234.5
-3590.1 -6884.9 234.3
-3575.1 -6907.8 234.8
-114.8 6844.5 221.5
-100.3 6840.7 221.5
-85.8 6836.9 221.4
-64.6 6831.3 221.1
-5430.3 -6816.5 242.7
-5415.3 -6815.7 242.4
-5400.4 -6814.8 242.7
-5385.4 -6813.9 243.6
-5370.4 -6813.1 244.5
-5355.4 -6812.2 245.4
-5340.5 -6811.4 246.3
-5325.5 -6810.5 246.7
-5310.5 -6809.7 247.1
-5287.4 -6808.3 248.2
978.6 6011.0 212.0
959.7 6045.1 210.8
975.5 6016.9 211.7
-6851.3 1489.9 259.5
-6836.4 1492.0 259.9
-6821.6 1494.1 260.3
-6806.7 1496.2 261.1
-6778.2 1500.2 262.6
-6708.0 1471.0 263.1
-6722.9 1469.5 263.4
-6737.9 1468.1 263.8
-6756.4 1466.4 264.2
-6894.8 1586.2 255.8
-6891.3 1571.6 255.8
-6887.8 1557.0 256.7
-6884.3 1542.4 257.6
-6880.8 1527.8 258.5
-6877.3 1513.2 259.3
-6873.8 1498.6 259.1
-6868.5 1476.3 258.8
-689.8 6762.5 194.3
-675.0 6760.5 194.8
-660.1 6758.6 195.2
-645.2 6756.6 195.7
-621.0 6753.5 196.4
-5502.5 -833.8 216.6
-5512.4 -846.4 214.8
-5519.4 -861.9 213.0
-5523.9 -881.6 211.5
-6094.4 -5331.1 202.6
-6079.6 -5332.9 202.4
-6064.7 -5334.7 202.2
-6049.8 -5336.5 201.9
-6034.9 -5338.3 201.6
-6020.0 -5340.1 201.3
-6005.1 -5341.9 201.0
-5990.2 -5343.7 200.3
-5975.2 -5344.4 199.8
-5960.2 -5345.0 199.2
-5945.3 -5345.4 197.9
-5930.3 -5344.2 196.9
-5915.4 -5343.0 196.7
-5888.1 -5340.8 197.1
-5429.0 -940.5 218.2
-5453.4 -911.7 217.4
-5357.0 -992.6 216.5
-5370.2 -985.6 216.9
-5383.5 -978.5 217.3
-5407.5 -965.8 218.0
-4508.5 -339.4 236.0
-4502.3 -318.0 235.7
-4501.0 -301.3 235.1
-4501.8 -287.9 234.8
-4504.2 -270.6 234.7
-4508.8 -245.1 234.0
-4513.7 -226.0 232.8
-4521.1 -210.2 231.8
-4543.8 -387.2 235.6
-4527.2 -374.5 234.5
-4516.3 -359.4 234.3
-4473.2 -318.6 231.6
-4478.4 -304.5 231.5
-4483.6 -290.5 232.0
-4488.8 -276.4 232.4
-4494.0 -262.3 232.7
-4497.7 -247.8 232.0
-4501.5 -233.3 231.3
-4506.5 -219.2 230.5
-4513.1 -203.3 229.3
-4142.4 7868.6 191.5
-4143.8 7883.5 191.7
-4145.1 7898.4 191.5
-4142.5 7913.1 191.2
-4139.5 7927.8 191.7
-4136.5 7942.5 192.8
-4133.5 7957.3 193.9
-4127.9 7967.0 193.5
-4114.0 7961.5 191.7
-4090.2 7952.0 188.9
-4240.5 7640.6 193.1
-4231.0 7652.3 194.6
-4221.5 7663.9 196.0
-4212.1 7675.5 197.6
-4200.8 7685.4 200.3
-4189.1 7694.7 200.1
-4167.8 7711.5 199.8
-3480.6 8758.0 204.8
-3479.7 8773.0 204.3
-3478.9 8788.0 203.8
-3478.1 8803.0 203.3
-3477.3 8817.9 202.9
-3476.5 8832.9 202.4
-3475.7 8847.9 201.9
-3474.9 8862.9 201.4
-3474.1 8877.9 200.9
-3472.9 8899.9 200.2
-3483.1 8709.7 206.2
-3482.2 8724.7 205.8
-3480.6 8751.9 205.0
-3795.3 8160.1 200.7
-3750.0 8160.8 200.7
-3742.7 8166.0 200.1
-5986.8 3732.5 258.7
-5982.6 3746.9 257.9
-5978.5 3761.3 256.9
-5974.3 3775.7 256.1
-5969.9 3790.1 255.5
-5965.6 3804.5 254.9
-5961.3 3818.8 254.3
-5956.9 3833.2 253.7
-5952.2 3848.9 253.1
-4438.2 7311.7 202.0
-4429.9 7335.1 204.3
-4187.7 7795.8 193.2
-4198.7 7785.7 194.6
-4210.5 7776.5 197.6
-4222.8 7767.8 198.5
-4239.2 7756.2 197.0
-4648.9 8689.8 195.3
-4637.6 8699.6 193.5
-4626.2 8709.5 191.6
-4635.0 8720.4 191.3
-4648.1 8734.7 191.1
-4947.0 8313.2 282.5
-4918.4 8306.1 282.8
-5887.9 4187.9 244.6
-5056.6 -5397.8 189.7
-5092.6 -5404.1 189.7
-5100.0 -5400.7 189.7
-5121.5 -5399.0 190.0
-5160.8 -5398.2 190.6
-5055.9 -5381.1 189.7
-5088.2 -5383.7 189.7
-5101.9 -5385.0 189.7
-5121.2 -5380.2 189.9
-5152.0 -5382.2 190.3
-5025.4 -5369.6 189.8
-5044.4 -5366.2 189.7
-5108.5 -5365.4 189.8
-5115.5 -5369.8 189.9
-5146.8 -5366.6 190.2
-5181.7 -5373.9 190.7
-5194.7 -5364.9 190.6
-5034.0 -5353.6 189.8
-5046.3 -5352.1 189.8
-5061.1 -5355.7 189.7
-5086.8 -5355.2 189.7
-5129.4 -5353.8 189.9
-5145.0 -5359.1 190.2
-5194.2 -5356.9 190.5
-5213.2 -5352.4 190.5
-5058.5 -5341.1 189.8
-5075.9 -5344.1 189.7
-5091.6 -5344.1 189.7
-5101.3 -5343.6 189.7
-5116.2 -5343.3 189.7
-5152.4 -5343.9 190.0
-5165.9 -5343.7 190.1
-5175.3 -5344.5 190.2
-5193.4 -5342.3 190.3
-3826.2 -6260.1 215.8
-3841.8 -6255.6 215.8
-3869.7 -6237.3 215.8
-3847.7 -6214.9 222.6
-3879.8 -6209.1 215.8
-3680.0 -5150.0 207.3
-3691.0 -5158.0 206.4
-3098.4 6391.7 293.2
-3120.9 6400.7 296.2
